Number of finished trials: 15
Best trial:
Value: 0.9698514816105217
Params: 
    max_depth: 3
    learning_rate: 0.08396752314534357
    n_estimators: 1340
    min_child_weight: 9
    subsample: 0.9727198401890759
    colsample_bytree: 0.9357596528487866
    lambda: 0.0008976461715194998
