Number of finished trials: 15
Best trial:
Value: 0.9516615974050822
Params: 
    max_depth: 3
    learning_rate: 0.08660399153316291
    n_estimators: 597
    min_child_weight: 6
    subsample: 0.9511358026905237
    colsample_bytree: 0.8457494395600855
    lambda: 0.0009475415704961438
