Number of finished trials: 15
Best trial:
Value: 0.9562973533922735
Params: 
    max_depth: 3
    learning_rate: 0.0976786703540757
    n_estimators: 1382
    min_child_weight: 5
    subsample: 0.8859799294570201
    colsample_bytree: 0.83995961960435
    lambda: 0.0008331407745384917
