Number of finished trials: 15
Best trial:
Value: 0.9653888420161305
Params: 
    max_depth: 3
    learning_rate: 0.09585789806201672
    n_estimators: 1117
    min_child_weight: 3
    subsample: 0.8357910263433944
    colsample_bytree: 0.9960176417557833
    lambda: 0.00021890729809318665
