Number of finished trials: 15
Best trial:
Value: 0.9954751889298388
Params: 
    max_depth: 4
    learning_rate: 0.012683362629708993
    n_estimators: 1471
    min_child_weight: 5
    subsample: 0.8488266618090803
    colsample_bytree: 0.8437451992373235
