Number of finished trials: 15
Best trial:
Value: 0.9336098724753722
Params: 
    max_depth: 8
    learning_rate: 0.022923243128772204
    n_estimators: 1281
    min_child_weight: 6
    subsample: 0.9288643064879654
    colsample_bytree: 0.929636194343426
