Number of finished trials: 15
Best trial:
Value: 0.949868809336281
Params: 
    max_depth: 3
    learning_rate: 0.098261586601203
    n_estimators: 1203
    min_child_weight: 6
    subsample: 0.8252504474427121
    colsample_bytree: 0.9726871350992279
    lambda: 0.00035136627368578
