Number of finished trials: 15
Best trial:
Value: 0.948359679449287
Params: 
    max_depth: 3
    learning_rate: 0.08251492722343577
    n_estimators: 1147
    min_child_weight: 7
    subsample: 0.9137797641201287
    colsample_bytree: 0.9746732524467328
    lambda: 0.0007312388982799517
