Number of finished trials: 15
Best trial:
Value: 0.969121025945527
Params: 
    max_depth: 3
    learning_rate: 0.04890784068854901
    n_estimators: 1465
    min_child_weight: 10
    subsample: 0.9575827815962864
    colsample_bytree: 0.8788705187166506
    lambda: 0.0006217297800234714
