Number of finished trials: 15
Best trial:
Value: 0.9541519460831364
Params: 
    max_depth: 3
    learning_rate: 0.07697922003855924
    n_estimators: 1081
    min_child_weight: 2
    subsample: 0.8746314722386089
    colsample_bytree: 0.9814157068974367
    lambda: 0.00028164159861248007
