Number of finished trials: 15
Best trial:
Value: 0.9624115008933783
Params: 
    max_depth: 3
    learning_rate: 0.04535757319153267
    n_estimators: 1193
    min_child_weight: 3
    subsample: 0.838618868699627
    colsample_bytree: 0.9105398721391178
    lambda: 0.0008628670500318399
