Number of finished trials: 15
Best trial:
Value: 0.9517975023801221
Params: 
    max_depth: 3
    learning_rate: 0.031178490313955712
    n_estimators: 1411
    min_child_weight: 1
    subsample: 0.8709728456640605
    colsample_bytree: 0.8839072740164475
    lambda: 0.000756110762418631
