Number of finished trials: 15
Best trial:
Value: 0.9359030728485733
Params: 
    max_depth: 7
    learning_rate: 0.09982975381551429
    n_estimators: 653
    min_child_weight: 1
    subsample: 0.8547343001252828
    colsample_bytree: 0.9959825518105134
