Number of finished trials: 15
Best trial:
Value: 0.996342314253536
Params: 
    max_depth: 4
    learning_rate: 0.014429239787944829
    n_estimators: 997
    min_child_weight: 2
    subsample: 0.977402122204077
    colsample_bytree: 0.8048384313969166
