# Job started on: Thu Oct 30 13:50:03 CET 2025 ............
# FONLL heavy quark hadroproduction cross section, calculated on Thu Oct 30 13:52:01 CET 2025
# FONLL version and perturbative order: ## FONLL v1.4.0 fonll [ds/dpt^2dy (pb/GeV^2)]
# quark = bottom
# final state = meson. NP params (cm,lm,hm) = 24.2, 26.7, 22.2
# BR(q->meson) = 1
# ebeam1 = 2680, ebeam2 = 2680
# PDF set = NNPDF30_nlo_as_0118
# ptmin = 0.1
# ptmax = 49.9
# ymin = -1
# ymax = 1
# Uncertainties from scales, masses, PDFs combined quadratically
# cross section is ds/dpt (pb/GeV)
# pt  central  min  max  min_sc  max_sc  min_mass max_mass  min_pdf max_pdf fr=.5 .5  fr=2 2  fr=2 1  fr=1 2 fr=1 .5 fr=.5 1
0.1000 6.1130e+05 3.0038e+05 9.5969e+05 3.2379e+05 9.2502e+05 4.9521e+05 7.6104e+05 5.8822e+05 6.3439e+05 5.4536e+05 6.2008e+05 8.1159e+05 4.3859e+05 9.2502e+05 3.2379e+05
0.3000 1.7746e+06 8.8353e+05 2.7628e+06 9.5209e+05 2.6603e+06 1.4384e+06 2.2079e+06 1.7079e+06 1.8413e+06 1.5979e+06 1.7967e+06 2.3290e+06 1.2804e+06 2.6603e+06 9.5209e+05
0.5000 2.8733e+06 1.4453e+06 4.4427e+06 1.5564e+06 4.2753e+06 2.3314e+06 3.5704e+06 2.7658e+06 2.9808e+06 2.6032e+06 2.9070e+06 3.7418e+06 2.0823e+06 4.2753e+06 1.5564e+06
0.7000 3.9010e+06 1.9810e+06 5.9935e+06 2.1312e+06 5.7663e+06 3.1708e+06 4.8380e+06 3.7557e+06 4.0462e+06 3.5513e+06 3.9462e+06 5.0511e+06 2.8381e+06 5.7663e+06 2.1312e+06
0.9000 4.8424e+06 2.4840e+06 7.3911e+06 2.6688e+06 7.1108e+06 3.9449e+06 5.9904e+06 4.6631e+06 5.0218e+06 4.4284e+06 4.8991e+06 6.2383e+06 3.5368e+06 7.1108e+06 2.6688e+06
1.1000 5.6840e+06 2.9475e+06 8.6169e+06 3.1620e+06 8.2912e+06 4.6427e+06 7.0109e+06 5.4749e+06 5.8930e+06 5.2225e+06 5.7509e+06 7.2871e+06 4.1677e+06 8.2912e+06 3.1620e+06
1.3000 6.4193e+06 3.3677e+06 9.6648e+06 3.6069e+06 9.3015e+06 5.2584e+06 7.8928e+06 6.1852e+06 6.6534e+06 5.9275e+06 6.4946e+06 8.1912e+06 4.7255e+06 9.3015e+06 3.6069e+06
1.5000 7.0450e+06 3.7412e+06 1.0536e+07 4.0000e+06 1.0144e+07 5.7887e+06 8.6328e+06 6.7906e+06 7.2994e+06 6.5394e+06 7.1255e+06 8.9498e+06 5.2057e+06 1.0144e+07 4.0000e+06
1.7000 7.5630e+06 4.0669e+06 1.1240e+07 4.3405e+06 1.0827e+07 6.2344e+06 9.2350e+06 7.2930e+06 7.8330e+06 7.0589e+06 7.6442e+06 9.5692e+06 5.6076e+06 1.0827e+07 4.3405e+06
1.9000 7.9769e+06 4.3442e+06 1.1790e+07 4.6281e+06 1.1364e+07 6.5972e+06 9.7056e+06 7.6959e+06 8.2578e+06 7.4880e+06 8.0536e+06 1.0057e+07 5.9321e+06 1.1364e+07 4.6281e+06
2.1000 8.2910e+06 4.5734e+06 1.2194e+07 4.8636e+06 1.1762e+07 6.8801e+06 1.0052e+07 8.0032e+06 8.5789e+06 7.8297e+06 8.3584e+06 1.0419e+07 6.1817e+06 1.1762e+07 4.8636e+06
2.3000 8.5125e+06 4.7560e+06 1.2469e+07 5.0488e+06 1.2039e+07 7.0880e+06 1.0282e+07 8.2216e+06 8.8034e+06 8.0893e+06 8.5644e+06 1.0667e+07 6.3598e+06 1.2039e+07 5.0488e+06
2.5000 8.6488e+06 4.8940e+06 1.2626e+07 5.1860e+06 1.2203e+07 7.2264e+06 1.0409e+07 8.3583e+06 8.9394e+06 8.2720e+06 8.6796e+06 1.0811e+07 6.4716e+06 1.2203e+07 5.1860e+06
2.7000 8.7075e+06 4.9896e+06 1.2677e+07 5.2780e+06 1.2267e+07 7.3008e+06 1.0440e+07 8.4202e+06 8.9949e+06 8.3836e+06 8.7127e+06 1.0861e+07 6.5227e+06 1.2267e+07 5.2780e+06
2.9000 8.6962e+06 5.0458e+06 1.2633e+07 5.3281e+06 1.2240e+07 7.3171e+06 1.0387e+07 8.4143e+06 8.9781e+06 8.4300e+06 8.6732e+06 1.0825e+07 6.5191e+06 1.2240e+07 5.3281e+06
3.1000 8.6234e+06 5.0660e+06 1.2507e+07 5.3402e+06 1.2134e+07 7.2817e+06 1.0261e+07 8.3488e+06 8.8979e+06 8.4180e+06 8.5702e+06 1.0715e+07 6.4672e+06 1.2134e+07 5.3402e+06
3.3000 8.4972e+06 5.0531e+06 1.2309e+07 5.3174e+06 1.1958e+07 7.2010e+06 1.0072e+07 8.2316e+06 8.7629e+06 8.3536e+06 8.4128e+06 1.0540e+07 6.3736e+06 1.1958e+07 5.3174e+06
3.5000 8.3258e+06 5.0107e+06 1.2049e+07 5.2638e+06 1.1722e+07 7.0813e+06 9.8305e+06 8.0702e+06 8.5814e+06 8.2432e+06 8.2095e+06 1.0309e+07 6.2448e+06 1.1722e+07 5.2638e+06
3.7000 8.1165e+06 4.9427e+06 1.1737e+07 5.1837e+06 1.1434e+07 6.9284e+06 9.5461e+06 7.8716e+06 8.3614e+06 8.0932e+06 7.9696e+06 1.0032e+07 6.0867e+06 1.1434e+07 5.1837e+06
3.9000 7.8763e+06 4.8526e+06 1.1383e+07 5.0809e+06 1.1104e+07 6.7478e+06 9.2276e+06 7.6427e+06 8.1099e+06 7.9098e+06 7.7013e+06 9.7182e+06 5.9050e+06 1.1104e+07 5.0809e+06
4.1000 7.6116e+06 4.7440e+06 1.0995e+07 4.9592e+06 1.0739e+07 6.5447e+06 8.8831e+06 7.3895e+06 7.8338e+06 7.6988e+06 7.4109e+06 9.3745e+06 5.7049e+06 1.0739e+07 4.9592e+06
4.3000 7.3296e+06 4.6199e+06 1.0582e+07 4.8219e+06 1.0349e+07 6.3249e+06 8.5213e+06 7.1190e+06 7.5402e+06 7.4655e+06 7.1060e+06 9.0101e+06 5.4918e+06 1.0349e+07 4.8219e+06
4.5000 7.0351e+06 4.4832e+06 1.0152e+07 4.6721e+06 9.9400e+06 6.0923e+06 8.1481e+06 6.8360e+06 7.2342e+06 7.2149e+06 6.7917e+06 8.6310e+06 5.2696e+06 9.9400e+06 4.6721e+06
4.7000 6.7329e+06 4.3371e+06 9.7109e+06 4.5132e+06 9.5185e+06 5.8509e+06 7.7692e+06 6.5451e+06 6.9207e+06 6.9517e+06 6.4730e+06 8.2434e+06 5.0420e+06 9.5185e+06 4.5132e+06
4.9000 6.4274e+06 4.1842e+06 9.2649e+06 4.3480e+06 9.0908e+06 5.6046e+06 7.3899e+06 6.2505e+06 6.6042e+06 6.6804e+06 6.1542e+06 7.8528e+06 4.8123e+06 9.0908e+06 4.3480e+06
5.1000 6.1219e+06 4.0264e+06 8.8188e+06 4.1784e+06 8.6615e+06 5.3560e+06 7.0138e+06 5.9556e+06 6.2882e+06 6.4038e+06 5.8385e+06 7.4633e+06 4.5830e+06 8.6615e+06 4.1784e+06
5.3000 5.8195e+06 3.8659e+06 8.3771e+06 4.0068e+06 8.2352e+06 5.1081e+06 6.6446e+06 5.6633e+06 5.9757e+06 6.1255e+06 5.5288e+06 7.0789e+06 4.3564e+06 8.2352e+06 4.0068e+06
5.5000 5.5226e+06 3.7046e+06 7.9432e+06 3.8349e+06 7.8154e+06 4.8628e+06 6.2848e+06 5.3761e+06 5.6691e+06 5.8482e+06 5.2273e+06 6.7024e+06 4.1343e+06 7.8154e+06 3.8349e+06
5.7000 5.2331e+06 3.5436e+06 7.5200e+06 3.6640e+06 7.4049e+06 4.6221e+06 5.9362e+06 5.0958e+06 5.3704e+06 5.5738e+06 4.9355e+06 6.3363e+06 3.9180e+06 7.4049e+06 3.6640e+06
5.9000 4.9525e+06 3.3844e+06 7.1098e+06 3.4955e+06 7.0062e+06 4.3872e+06 5.6006e+06 4.8239e+06 5.0811e+06 5.3044e+06 4.6548e+06 5.9824e+06 3.7087e+06 7.0062e+06 3.4955e+06
6.1000 4.6819e+06 3.2281e+06 6.7142e+06 3.3306e+06 6.6208e+06 4.1594e+06 5.2789e+06 4.5615e+06 4.8023e+06 5.0416e+06 4.3859e+06 5.6420e+06 3.5071e+06 6.6208e+06 3.3306e+06
6.3000 4.4221e+06 3.0747e+06 6.3343e+06 3.1692e+06 6.2502e+06 3.9395e+06 4.9717e+06 4.3094e+06 4.5347e+06 4.7856e+06 4.1294e+06 5.3161e+06 3.3137e+06 6.2502e+06 3.1692e+06
6.5000 4.1736e+06 2.9248e+06 5.9710e+06 3.0117e+06 5.8951e+06 3.7280e+06 4.6794e+06 4.0682e+06 4.2789e+06 4.5366e+06 3.8854e+06 5.0051e+06 3.1288e+06 5.8951e+06 3.0117e+06
6.7000 3.9366e+06 2.7788e+06 5.6247e+06 2.8588e+06 5.5562e+06 3.5253e+06 4.4021e+06 3.8380e+06 4.0352e+06 4.2957e+06 3.6542e+06 4.7095e+06 2.9527e+06 5.5562e+06 2.8588e+06
6.9000 3.7113e+06 2.6380e+06 5.2955e+06 2.7116e+06 5.2337e+06 3.3317e+06 4.1396e+06 3.6191e+06 3.8034e+06 4.0642e+06 3.4355e+06 4.4292e+06 2.7853e+06 5.2337e+06 2.7116e+06
7.1000 3.4975e+06 2.5031e+06 4.9834e+06 2.5708e+06 4.9275e+06 3.1473e+06 3.8918e+06 3.4113e+06 3.5837e+06 3.8433e+06 3.2291e+06 4.1640e+06 2.6266e+06 4.9275e+06 2.5708e+06
7.3000 3.2952e+06 2.3751e+06 4.6881e+06 2.4376e+06 4.6376e+06 2.9719e+06 3.6581e+06 3.2146e+06 3.3758e+06 3.6345e+06 3.0346e+06 3.9136e+06 2.4764e+06 4.6376e+06 2.4376e+06
7.5000 3.1040e+06 2.2547e+06 4.4093e+06 2.3124e+06 4.3635e+06 2.8056e+06 3.4381e+06 3.0285e+06 3.1794e+06 3.4388e+06 2.8517e+06 3.6777e+06 2.3344e+06 4.3635e+06 2.3124e+06
7.7000 2.9235e+06 2.1421e+06 4.1464e+06 2.1957e+06 4.1049e+06 2.6480e+06 3.2313e+06 2.8530e+06 2.9940e+06 3.2564e+06 2.6798e+06 3.4557e+06 2.2005e+06 4.1049e+06 2.1957e+06
7.9000 2.7534e+06 2.0252e+06 3.8988e+06 2.0743e+06 3.8611e+06 2.4990e+06 3.0371e+06 2.6874e+06 2.8194e+06 3.0855e+06 2.5184e+06 3.2470e+06 2.0743e+06 3.8611e+06 2.0867e+06
8.1000 2.5933e+06 1.9107e+06 3.6659e+06 1.9554e+06 3.6317e+06 2.3582e+06 2.8549e+06 2.5315e+06 2.6551e+06 2.9229e+06 2.3671e+06 3.0511e+06 1.9554e+06 3.6317e+06 1.9832e+06
8.3000 2.4427e+06 1.8028e+06 3.4471e+06 1.8436e+06 3.4160e+06 2.2253e+06 2.6840e+06 2.3848e+06 2.5005e+06 2.7630e+06 2.2252e+06 2.8673e+06 1.8436e+06 3.4160e+06 1.8796e+06
8.5000 2.3011e+06 1.7012e+06 3.2417e+06 1.7384e+06 3.2133e+06 2.1001e+06 2.5239e+06 2.2469e+06 2.3553e+06 2.6086e+06 2.0924e+06 2.6950e+06 1.7384e+06 3.2133e+06 1.7786e+06
8.7000 2.1680e+06 1.6055e+06 3.0489e+06 1.6396e+06 3.0230e+06 1.9820e+06 2.3738e+06 2.1173e+06 2.2188e+06 2.4624e+06 1.9680e+06 2.5335e+06 1.6396e+06 3.0230e+06 1.6829e+06
8.9000 2.0431e+06 1.5156e+06 2.8681e+06 1.5468e+06 2.8444e+06 1.8709e+06 2.2333e+06 1.9955e+06 2.0907e+06 2.3243e+06 1.8515e+06 2.3823e+06 1.5468e+06 2.8444e+06 1.5923e+06
9.1000 1.9258e+06 1.4310e+06 2.6986e+06 1.4596e+06 2.6770e+06 1.7663e+06 2.1018e+06 1.8812e+06 1.9705e+06 2.1940e+06 1.7425e+06 2.2407e+06 1.4596e+06 2.6770e+06 1.5066e+06
9.3000 1.8158e+06 1.3515e+06 2.5397e+06 1.3776e+06 2.5199e+06 1.6679e+06 1.9786e+06 1.7739e+06 1.8576e+06 2.0719e+06 1.6404e+06 2.1081e+06 1.3776e+06 2.5199e+06 1.4261e+06
9.5000 1.7125e+06 1.2767e+06 2.3909e+06 1.3008e+06 2.3727e+06 1.5753e+06 1.8633e+06 1.6732e+06 1.7518e+06 1.9578e+06 1.5450e+06 1.9840e+06 1.3008e+06 2.3727e+06 1.3508e+06
9.7000 1.6156e+06 1.2065e+06 2.2514e+06 1.2286e+06 2.2348e+06 1.4883e+06 1.7553e+06 1.5787e+06 1.6525e+06 1.8507e+06 1.4556e+06 1.8679e+06 1.2286e+06 2.2348e+06 1.2800e+06
9.9000 1.5247e+06 1.1404e+06 2.1208e+06 1.1607e+06 2.1055e+06 1.4064e+06 1.6542e+06 1.4900e+06 1.5593e+06 1.7496e+06 1.3719e+06 1.7592e+06 1.1607e+06 2.1055e+06 1.2130e+06
10.1000 1.4393e+06 1.0784e+06 1.9983e+06 1.0971e+06 1.9842e+06 1.3294e+06 1.5596e+06 1.4067e+06 1.4719e+06 1.6543e+06 1.2936e+06 1.6574e+06 1.0971e+06 1.9842e+06 1.1496e+06
10.3000 1.3592e+06 1.0200e+06 1.8836e+06 1.0372e+06 1.8706e+06 1.2570e+06 1.4709e+06 1.3286e+06 1.3899e+06 1.5644e+06 1.2202e+06 1.5621e+06 1.0372e+06 1.8706e+06 1.0896e+06
10.5000 1.2840e+06 9.6518e+05 1.7761e+06 9.8105e+05 1.7641e+06 1.1890e+06 1.3878e+06 1.2552e+06 1.3129e+06 1.4797e+06 1.1515e+06 1.4729e+06 9.8105e+05 1.7641e+06 1.0330e+06
10.7000 1.2135e+06 9.1361e+05 1.6753e+06 9.2826e+05 1.6643e+06 1.1250e+06 1.3100e+06 1.1864e+06 1.2406e+06 1.4000e+06 1.0871e+06 1.3893e+06 9.2826e+05 1.6643e+06 9.7954e+05
10.9000 1.1472e+06 8.6512e+05 1.5809e+06 8.7866e+05 1.5707e+06 1.0648e+06 1.2370e+06 1.1217e+06 1.1728e+06 1.3248e+06 1.0268e+06 1.3111e+06 8.7866e+05 1.5707e+06 9.2903e+05
11.1000 1.0850e+06 8.1952e+05 1.4924e+06 8.3204e+05 1.4830e+06 1.0082e+06 1.1686e+06 1.0610e+06 1.1091e+06 1.2540e+06 9.7024e+05 1.2377e+06 8.3204e+05 1.4830e+06 8.8136e+05
11.3000 1.0266e+06 7.7663e+05 1.4094e+06 7.8822e+05 1.4007e+06 9.5490e+05 1.1045e+06 1.0040e+06 1.0493e+06 1.1874e+06 9.1724e+05 1.1690e+06 7.8822e+05 1.4007e+06 8.3636e+05
11.5000 9.7180e+05 7.3629e+05 1.3316e+06 7.4703e+05 1.3235e+06 9.0482e+05 1.0444e+06 9.5039e+05 9.9320e+05 1.1247e+06 8.6754e+05 1.1046e+06 7.4703e+05 1.3235e+06 7.9390e+05
11.7000 9.2028e+05 6.9833e+05 1.2586e+06 7.0830e+05 1.2512e+06 8.5771e+05 9.8804e+05 9.0008e+05 9.4048e+05 1.0656e+06 8.2092e+05 1.0443e+06 7.0830e+05 1.2512e+06 7.5385e+05
11.9000 8.7184e+05 6.6259e+05 1.1902e+06 6.7184e+05 1.1832e+06 8.1335e+05 9.3510e+05 8.5276e+05 8.9091e+05 1.0101e+06 7.7716e+05 9.8767e+05 6.7184e+05 1.1832e+06 7.1608e+05
12.1000 8.2625e+05 6.2891e+05 1.1259e+06 6.3750e+05 1.1194e+06 7.7155e+05 8.8535e+05 8.0824e+05 8.4427e+05 9.5786e+05 7.3604e+05 9.3450e+05 6.3750e+05 1.1194e+06 6.8047e+05
12.3000 7.8334e+05 5.9714e+05 1.0655e+06 6.0513e+05 1.0595e+06 7.3216e+05 8.3857e+05 7.6632e+05 8.0037e+05 9.0866e+05 6.9738e+05 8.8456e+05 6.0513e+05 1.0595e+06 6.4689e+05
12.5000 7.4294e+05 5.6720e+05 1.0087e+06 5.7462e+05 1.0031e+06 6.9502e+05 7.9459e+05 7.2684e+05 7.5904e+05 8.6232e+05 6.6102e+05 8.3763e+05 5.7462e+05 1.0031e+06 6.1519e+05
12.7000 7.0489e+05 5.3895e+05 9.5531e+05 5.4586e+05 9.5013e+05 6.6000e+05 7.5322e+05 6.8966e+05 7.2012e+05 8.1866e+05 6.2682e+05 7.9352e+05 5.4586e+05 9.5013e+05 5.8527e+05
12.9000 6.6904e+05 5.1229e+05 9.0511e+05 5.1874e+05 9.0028e+05 6.2697e+05 7.1429e+05 6.5463e+05 6.8345e+05 7.7750e+05 5.9464e+05 7.5204e+05 5.1874e+05 9.0028e+05 5.5701e+05
13.1000 6.3526e+05 4.8714e+05 8.5788e+05 4.9315e+05 8.5338e+05 5.9581e+05 6.7765e+05 6.2162e+05 6.4891e+05 7.3868e+05 5.6435e+05 7.1302e+05 4.9315e+05 8.5338e+05 5.3030e+05
13.3000 6.0342e+05 4.6340e+05 8.1343e+05 4.6901e+05 8.0923e+05 5.6641e+05 6.4316e+05 5.9050e+05 6.1635e+05 7.0207e+05 5.3582e+05 6.7631e+05 4.6901e+05 8.0923e+05 5.0506e+05
13.5000 5.7341e+05 4.4099e+05 7.7159e+05 4.4622e+05 7.6767e+05 5.3866e+05 6.1067e+05 5.6116e+05 5.8566e+05 6.6751e+05 5.0896e+05 6.4175e+05 4.4622e+05 7.6767e+05 4.8118e+05
13.7000 5.4510e+05 4.1982e+05 7.3219e+05 4.2471e+05 7.2852e+05 5.1246e+05 5.8007e+05 5.3349e+05 5.5672e+05 6.3489e+05 4.8365e+05 6.0922e+05 4.2471e+05 7.2852e+05 4.5859e+05
13.9000 5.1840e+05 3.9983e+05 6.9508e+05 4.0440e+05 6.9165e+05 4.8773e+05 5.5123e+05 5.0739e+05 5.2942e+05 6.0407e+05 4.5980e+05 5.7857e+05 4.0440e+05 6.9165e+05 4.3722e+05
14.1000 4.9322e+05 3.8094e+05 6.6011e+05 3.8522e+05 6.5690e+05 4.6437e+05 5.2405e+05 4.8276e+05 5.0367e+05 5.7496e+05 4.3731e+05 5.4971e+05 3.8522e+05 6.5690e+05 4.1698e+05
14.3000 4.6944e+05 3.6309e+05 6.2715e+05 3.6709e+05 6.2415e+05 4.4231e+05 4.9843e+05 4.5952e+05 4.7937e+05 5.4744e+05 4.1610e+05 5.2250e+05 3.6709e+05 6.2415e+05 3.9780e+05
14.5000 4.4700e+05 3.4621e+05 5.9608e+05 3.4996e+05 5.9326e+05 4.2146e+05 4.7425e+05 4.3757e+05 4.5643e+05 5.2141e+05 3.9610e+05 4.9685e+05 3.4996e+05 5.9326e+05 3.7963e+05
14.7000 4.2578e+05 3.3023e+05 5.6677e+05 3.3374e+05 5.6413e+05 4.0173e+05 4.5142e+05 4.1682e+05 4.3474e+05 4.9679e+05 3.7720e+05 4.7265e+05 3.3374e+05 5.6413e+05 3.6240e+05
14.9000 4.0571e+05 3.1509e+05 5.3910e+05 3.1838e+05 5.3663e+05 3.8305e+05 4.2984e+05 3.9719e+05 4.1423e+05 4.7348e+05 3.5932e+05 4.4980e+05 3.1838e+05 5.3663e+05 3.4606e+05
15.1000 3.8672e+05 3.0074e+05 5.1298e+05 3.0383e+05 5.1066e+05 3.6536e+05 4.0944e+05 3.7862e+05 3.9482e+05 4.5141e+05 3.4243e+05 4.2822e+05 3.0383e+05 5.1066e+05 3.3054e+05
15.3000 3.6874e+05 2.8714e+05 4.8831e+05 2.9004e+05 4.8612e+05 3.4860e+05 3.9014e+05 3.6103e+05 3.7645e+05 4.3050e+05 3.2644e+05 4.0782e+05 2.9004e+05 4.8612e+05 3.1582e+05
15.5000 3.5172e+05 2.7424e+05 4.6499e+05 2.7696e+05 4.6294e+05 3.3272e+05 3.7189e+05 3.4438e+05 3.5905e+05 4.1070e+05 3.1131e+05 3.8854e+05 2.7696e+05 4.6294e+05 3.0184e+05
15.7000 3.3559e+05 2.6201e+05 4.4295e+05 2.6457e+05 4.4102e+05 3.1766e+05 3.5461e+05 3.2860e+05 3.4258e+05 3.9192e+05 2.9698e+05 3.7031e+05 2.6457e+05 4.4102e+05 2.8857e+05
15.9000 3.2031e+05 2.5040e+05 4.2210e+05 2.5280e+05 4.2028e+05 3.0338e+05 3.3825e+05 3.1366e+05 3.2697e+05 3.7412e+05 2.8342e+05 3.5306e+05 2.5280e+05 4.2028e+05 2.7596e+05
16.1000 3.0583e+05 2.3938e+05 4.0237e+05 2.4164e+05 4.0066e+05 2.8984e+05 3.2276e+05 2.9949e+05 3.1217e+05 3.5724e+05 2.7056e+05 3.3673e+05 2.4164e+05 4.0066e+05 2.6398e+05
16.3000 2.9210e+05 2.2892e+05 3.8370e+05 2.3105e+05 3.8209e+05 2.7699e+05 3.0808e+05 2.8605e+05 2.9814e+05 3.4123e+05 2.5838e+05 3.2126e+05 2.3105e+05 3.8209e+05 2.5259e+05
16.5000 2.7907e+05 2.1898e+05 3.6602e+05 2.2099e+05 3.6451e+05 2.6479e+05 2.9416e+05 2.7331e+05 2.8484e+05 3.2603e+05 2.4683e+05 3.0662e+05 2.2099e+05 3.6451e+05 2.4176e+05
16.7000 2.6671e+05 2.0954e+05 3.4927e+05 2.1143e+05 3.4785e+05 2.5321e+05 2.8097e+05 2.6121e+05 2.7222e+05 3.1161e+05 2.3588e+05 2.9274e+05 2.1143e+05 3.4785e+05 2.3147e+05
16.9000 2.5499e+05 2.0057e+05 3.3341e+05 2.0235e+05 3.3206e+05 2.4221e+05 2.6846e+05 2.4974e+05 2.6024e+05 2.9791e+05 2.2548e+05 2.7958e+05 2.0235e+05 3.3206e+05 2.2168e+05
17.1000 2.4385e+05 1.9205e+05 3.1836e+05 1.9373e+05 3.1710e+05 2.3176e+05 2.5659e+05 2.3884e+05 2.4886e+05 2.8490e+05 2.1562e+05 2.6711e+05 1.9373e+05 3.1710e+05 2.1236e+05
17.3000 2.3328e+05 1.8394e+05 3.0410e+05 1.8553e+05 3.0290e+05 2.2183e+05 2.4533e+05 2.2849e+05 2.3806e+05 2.7255e+05 2.0626e+05 2.5528e+05 1.8553e+05 3.0290e+05 2.0350e+05
17.5000 2.2323e+05 1.7623e+05 2.9057e+05 1.7773e+05 2.8944e+05 2.1239e+05 2.3464e+05 2.1866e+05 2.2780e+05 2.6080e+05 1.9737e+05 2.4404e+05 1.7773e+05 2.8944e+05 1.9506e+05
17.7000 2.1369e+05 1.6890e+05 2.7773e+05 1.7031e+05 2.7666e+05 2.0341e+05 2.2448e+05 2.0932e+05 2.1806e+05 2.4964e+05 1.8893e+05 2.3338e+05 1.7031e+05 2.7666e+05 1.8703e+05
17.9000 2.0461e+05 1.6192e+05 2.6555e+05 1.6325e+05 2.6454e+05 1.9488e+05 2.1484e+05 2.0044e+05 2.0879e+05 2.3903e+05 1.8090e+05 2.2326e+05 1.6325e+05 2.6454e+05 1.7938e+05
18.1000 1.9599e+05 1.5527e+05 2.5398e+05 1.5653e+05 2.5302e+05 1.8675e+05 2.0567e+05 1.9199e+05 1.9998e+05 2.2893e+05 1.7327e+05 2.1364e+05 1.5653e+05 2.5302e+05 1.7209e+05
18.3000 1.8778e+05 1.4894e+05 2.4298e+05 1.5013e+05 2.4208e+05 1.7902e+05 1.9696e+05 1.8396e+05 1.9160e+05 2.1933e+05 1.6601e+05 2.0451e+05 1.5013e+05 2.4208e+05 1.6513e+05
18.5000 1.7997e+05 1.4290e+05 2.3254e+05 1.4403e+05 2.3168e+05 1.7165e+05 1.8867e+05 1.7631e+05 1.8362e+05 2.1019e+05 1.5910e+05 1.9582e+05 1.4403e+05 2.3168e+05 1.5850e+05
18.7000 1.7253e+05 1.3715e+05 2.2261e+05 1.3822e+05 2.2180e+05 1.6464e+05 1.8078e+05 1.6903e+05 1.7603e+05 2.0148e+05 1.5253e+05 1.8756e+05 1.3822e+05 2.2180e+05 1.5218e+05
18.9000 1.6545e+05 1.3167e+05 2.1317e+05 1.3268e+05 2.1240e+05 1.5796e+05 1.7328e+05 1.6209e+05 1.6880e+05 1.9319e+05 1.4627e+05 1.7971e+05 1.3268e+05 2.1240e+05 1.4615e+05
19.1000 1.5870e+05 1.2643e+05 2.0419e+05 1.2739e+05 2.0346e+05 1.5159e+05 1.6613e+05 1.5549e+05 1.6191e+05 1.8530e+05 1.4031e+05 1.7223e+05 1.2739e+05 2.0346e+05 1.4039e+05
19.3000 1.5227e+05 1.2144e+05 1.9565e+05 1.2235e+05 1.9496e+05 1.4551e+05 1.5933e+05 1.4919e+05 1.5535e+05 1.7777e+05 1.3463e+05 1.6512e+05 1.2235e+05 1.9496e+05 1.3489e+05
19.5000 1.4614e+05 1.1668e+05 1.8751e+05 1.1754e+05 1.8686e+05 1.3972e+05 1.5284e+05 1.4319e+05 1.4909e+05 1.7059e+05 1.2921e+05 1.5834e+05 1.1754e+05 1.8686e+05 1.2964e+05
19.7000 1.4030e+05 1.1213e+05 1.7977e+05 1.1294e+05 1.7915e+05 1.3419e+05 1.4666e+05 1.3747e+05 1.4313e+05 1.6375e+05 1.2405e+05 1.5189e+05 1.1294e+05 1.7915e+05 1.2462e+05
19.9000 1.3472e+05 1.0778e+05 1.7239e+05 1.0856e+05 1.7180e+05 1.2891e+05 1.4077e+05 1.3201e+05 1.3744e+05 1.5722e+05 1.1912e+05 1.4574e+05 1.0856e+05 1.7180e+05 1.1983e+05
20.1000 1.2940e+05 1.0363e+05 1.6536e+05 1.0436e+05 1.6480e+05 1.2388e+05 1.3515e+05 1.2680e+05 1.3201e+05 1.5098e+05 1.1442e+05 1.3988e+05 1.0436e+05 1.6480e+05 1.1524e+05
20.3000 1.2432e+05 9.9665e+04 1.5866e+05 1.0036e+05 1.5813e+05 1.1907e+05 1.2979e+05 1.2183e+05 1.2682e+05 1.4504e+05 1.0994e+05 1.3429e+05 1.0036e+05 1.5813e+05 1.1086e+05
20.5000 1.1948e+05 9.5874e+04 1.5227e+05 9.6536e+04 1.5177e+05 1.1447e+05 1.2468e+05 1.1708e+05 1.2187e+05 1.3936e+05 1.0566e+05 1.2895e+05 9.6536e+04 1.5177e+05 1.0667e+05
20.7000 1.1484e+05 9.2250e+04 1.4618e+05 9.2878e+04 1.4570e+05 1.1008e+05 1.1979e+05 1.1254e+05 1.1715e+05 1.3393e+05 1.0157e+05 1.2387e+05 9.2878e+04 1.4570e+05 1.0267e+05
20.9000 1.1042e+05 8.8784e+04 1.4037e+05 8.9381e+04 1.3992e+05 1.0588e+05 1.1513e+05 1.0821e+05 1.1263e+05 1.2874e+05 9.7662e+04 1.1901e+05 8.9381e+04 1.3992e+05 9.8831e+04
21.1000 1.0619e+05 8.5468e+04 1.3483e+05 8.6036e+04 1.3440e+05 1.0187e+05 1.1068e+05 1.0407e+05 1.0832e+05 1.2379e+05 9.3930e+04 1.1438e+05 8.6036e+04 1.3440e+05 9.5161e+04
21.3000 1.0215e+05 8.2295e+04 1.2954e+05 8.2835e+04 1.2913e+05 9.8031e+04 1.0642e+05 1.0011e+05 1.0419e+05 1.1905e+05 9.0362e+04 1.0995e+05 8.2835e+04 1.2913e+05 9.1648e+04
21.5000 9.8287e+04 7.9259e+04 1.2448e+05 7.9772e+04 1.2409e+05 9.4360e+04 1.0235e+05 9.6324e+04 1.0025e+05 1.1452e+05 8.6950e+04 1.0572e+05 7.9772e+04 1.2409e+05 8.8284e+04
21.7000 9.4590e+04 7.6352e+04 1.1966e+05 7.6840e+04 1.1929e+05 9.0846e+04 9.8463e+04 9.2703e+04 9.6477e+04 1.1019e+05 8.3688e+04 1.0168e+05 7.6840e+04 1.1929e+05 8.5062e+04
21.9000 9.1054e+04 7.3568e+04 1.1505e+05 7.4033e+04 1.1469e+05 8.7484e+04 9.4744e+04 8.9239e+04 9.2868e+04 1.0605e+05 8.0566e+04 9.7820e+04 7.4033e+04 1.1469e+05 8.1975e+04
22.1000 8.7670e+04 7.0902e+04 1.1064e+05 7.1344e+04 1.1030e+05 8.4265e+04 9.1188e+04 8.5925e+04 8.9416e+04 1.0208e+05 7.7580e+04 9.4127e+04 7.1344e+04 1.1030e+05 7.9018e+04
22.3000 8.4432e+04 6.8347e+04 1.0643e+05 6.8769e+04 1.0611e+05 8.1183e+04 8.7786e+04 8.2753e+04 8.6112e+04 9.8288e+04 7.4722e+04 9.0596e+04 6.8769e+04 1.0611e+05 7.6184e+04
22.5000 8.1333e+04 6.5899e+04 1.0241e+05 6.6301e+04 1.0210e+05 7.8231e+04 8.4531e+04 7.9716e+04 8.2949e+04 9.4656e+04 7.1986e+04 8.7217e+04 6.6301e+04 1.0210e+05 7.3466e+04
22.7000 7.8365e+04 6.3553e+04 9.8556e+04 6.3936e+04 9.8263e+04 7.5404e+04 8.1416e+04 7.6808e+04 7.9921e+04 9.1178e+04 6.9366e+04 8.3984e+04 6.3936e+04 9.8263e+04 7.0861e+04
22.9000 7.5522e+04 6.1303e+04 9.4872e+04 6.1668e+04 9.4593e+04 7.2694e+04 7.8434e+04 7.4023e+04 7.7020e+04 8.7848e+04 6.6856e+04 8.0890e+04 6.1668e+04 9.4593e+04 6.8362e+04
23.1000 7.2798e+04 5.9145e+04 9.1347e+04 5.9493e+04 9.1080e+04 7.0097e+04 7.5578e+04 7.1355e+04 7.4242e+04 8.4658e+04 6.4451e+04 7.7927e+04 5.9493e+04 9.1080e+04 6.5965e+04
23.3000 7.0188e+04 5.7075e+04 8.7973e+04 5.7407e+04 8.7718e+04 6.7608e+04 7.2842e+04 6.8798e+04 7.1579e+04 8.1601e+04 6.2147e+04 7.5089e+04 5.7407e+04 8.7718e+04 6.3665e+04
23.5000 6.7686e+04 5.5089e+04 8.4742e+04 5.5406e+04 8.4500e+04 6.5220e+04 7.0221e+04 6.6347e+04 6.9026e+04 7.8672e+04 5.9938e+04 7.2371e+04 5.5406e+04 8.4500e+04 6.1457e+04
23.7000 6.5288e+04 5.3182e+04 8.1649e+04 5.3485e+04 8.1417e+04 6.2930e+04 6.7709e+04 6.3997e+04 6.6579e+04 7.5863e+04 5.7820e+04 6.9766e+04 5.3485e+04 8.1417e+04 5.9337e+04
23.9000 6.2987e+04 5.1352e+04 7.8685e+04 5.1641e+04 7.8464e+04 6.0733e+04 6.5301e+04 6.1743e+04 6.4232e+04 7.3170e+04 5.5788e+04 6.7270e+04 5.1641e+04 7.8464e+04 5.7301e+04
24.1000 6.0781e+04 4.9595e+04 7.5846e+04 4.9870e+04 7.5634e+04 5.8624e+04 6.2992e+04 5.9580e+04 6.1981e+04 7.0587e+04 5.3839e+04 6.4877e+04 4.9870e+04 7.5634e+04 5.5346e+04
24.3000 5.8663e+04 4.7907e+04 7.3125e+04 4.8170e+04 7.2922e+04 5.6601e+04 6.0777e+04 5.7506e+04 5.9821e+04 6.8109e+04 5.1969e+04 6.2582e+04 4.8170e+04 7.2922e+04 5.3467e+04
24.5000 5.6631e+04 4.6285e+04 7.0516e+04 4.6536e+04 7.0323e+04 5.4657e+04 5.8652e+04 5.5515e+04 5.7748e+04 6.5731e+04 5.0174e+04 6.0381e+04 4.6536e+04 7.0323e+04 5.1662e+04
24.7000 5.4680e+04 4.4726e+04 6.8015e+04 4.4967e+04 6.7830e+04 5.2791e+04 5.6613e+04 5.3603e+04 5.5757e+04 6.3448e+04 4.8451e+04 5.8269e+04 4.4967e+04 6.7830e+04 4.9927e+04
24.9000 5.2807e+04 4.3228e+04 6.5616e+04 4.3458e+04 6.5439e+04 5.0998e+04 5.4656e+04 5.1768e+04 5.3846e+04 6.1257e+04 4.6796e+04 5.6242e+04 4.3458e+04 6.5439e+04 4.8259e+04
25.1000 5.1008e+04 4.1788e+04 6.3315e+04 4.2008e+04 6.3146e+04 4.9276e+04 5.2778e+04 5.0005e+04 5.2011e+04 5.9153e+04 4.5207e+04 5.4297e+04 4.2008e+04 6.3146e+04 4.6655e+04
25.3000 4.9280e+04 4.0404e+04 6.1107e+04 4.0614e+04 6.0945e+04 4.7621e+04 5.0974e+04 4.8311e+04 5.0248e+04 5.7132e+04 4.3680e+04 5.2430e+04 4.0614e+04 6.0945e+04 4.5112e+04
25.5000 4.7619e+04 3.9072e+04 5.8988e+04 3.9273e+04 5.8833e+04 4.6030e+04 4.9241e+04 4.6684e+04 4.8554e+04 5.5191e+04 4.2213e+04 5.0637e+04 3.9273e+04 5.8833e+04 4.3627e+04
25.7000 4.6023e+04 3.7790e+04 5.6954e+04 3.7983e+04 5.6805e+04 4.4501e+04 4.7576e+04 4.5120e+04 4.6927e+04 5.3326e+04 4.0802e+04 4.8914e+04 3.7983e+04 5.6805e+04 4.2199e+04
25.9000 4.4489e+04 3.6558e+04 5.5001e+04 3.6742e+04 5.4858e+04 4.3030e+04 4.5977e+04 4.3617e+04 4.5362e+04 5.1533e+04 3.9447e+04 4.7260e+04 3.6742e+04 5.4858e+04 4.0825e+04
26.1000 4.3014e+04 3.5371e+04 5.3125e+04 3.5548e+04 5.2989e+04 4.1615e+04 4.4439e+04 4.2171e+04 4.3857e+04 4.9809e+04 3.8143e+04 4.5669e+04 3.5548e+04 5.2989e+04 3.9501e+04
26.3000 4.1596e+04 3.4229e+04 5.1324e+04 3.4398e+04 5.1193e+04 4.0254e+04 4.2961e+04 4.0781e+04 4.2410e+04 4.8152e+04 3.6889e+04 4.4141e+04 3.4398e+04 5.1193e+04 3.8227e+04
26.5000 4.0231e+04 3.3129e+04 4.9593e+04 3.3291e+04 4.9467e+04 3.8944e+04 4.1540e+04 3.9444e+04 4.1018e+04 4.6559e+04 3.5683e+04 4.2672e+04 3.3291e+04 4.9467e+04 3.7000e+04
26.7000 3.8918e+04 3.2070e+04 4.7929e+04 3.2225e+04 4.7809e+04 3.7684e+04 4.0173e+04 3.8157e+04 3.9679e+04 4.5026e+04 3.4523e+04 4.1259e+04 3.2225e+04 4.7809e+04 3.5819e+04
26.9000 3.7655e+04 3.1050e+04 4.6330e+04 3.1199e+04 4.6215e+04 3.6471e+04 3.8858e+04 3.6919e+04 3.8391e+04 4.3551e+04 3.3406e+04 3.9900e+04 3.1199e+04 4.6215e+04 3.4680e+04
27.1000 3.6439e+04 3.0067e+04 4.4793e+04 3.0210e+04 4.4682e+04 3.5302e+04 3.7593e+04 3.5727e+04 3.7151e+04 4.2132e+04 3.2330e+04 3.8593e+04 3.0210e+04 4.4682e+04 3.3584e+04
27.3000 3.5268e+04 2.9121e+04 4.3314e+04 2.9258e+04 4.3207e+04 3.4178e+04 3.6375e+04 3.4580e+04 3.5957e+04 4.0766e+04 3.1295e+04 3.7336e+04 2.9258e+04 4.3207e+04 3.2527e+04
27.5000 3.4141e+04 2.8209e+04 4.1891e+04 2.8340e+04 4.1789e+04 3.3094e+04 3.5203e+04 3.3475e+04 3.4807e+04 3.9452e+04 3.0298e+04 3.6125e+04 2.8340e+04 4.1789e+04 3.1509e+04
27.7000 3.3055e+04 2.7330e+04 4.0522e+04 2.7456e+04 4.0424e+04 3.2050e+04 3.4075e+04 3.2411e+04 3.3700e+04 3.8186e+04 2.9338e+04 3.4960e+04 2.7456e+04 4.0424e+04 3.0528e+04
27.9000 3.2010e+04 2.6483e+04 3.9205e+04 2.6604e+04 3.9110e+04 3.1044e+04 3.2988e+04 3.1386e+04 3.2633e+04 3.6966e+04 2.8413e+04 3.3839e+04 2.6604e+04 3.9110e+04 2.9582e+04
28.1000 3.1002e+04 2.5666e+04 3.7936e+04 2.5782e+04 3.7846e+04 3.0074e+04 3.1942e+04 3.0398e+04 3.1606e+04 3.5792e+04 2.7522e+04 3.2759e+04 2.5782e+04 3.7846e+04 2.8670e+04
28.3000 3.0031e+04 2.4878e+04 3.6715e+04 2.4989e+04 3.6628e+04 2.9140e+04 3.0933e+04 2.9446e+04 3.0615e+04 3.4660e+04 2.6663e+04 3.1718e+04 2.4989e+04 3.6628e+04 2.7791e+04
28.5000 2.9095e+04 2.4118e+04 3.5540e+04 2.4225e+04 3.5456e+04 2.8238e+04 2.9962e+04 2.8529e+04 2.9661e+04 3.3570e+04 2.5835e+04 3.0716e+04 2.4225e+04 3.5456e+04 2.6942e+04
28.7000 2.8193e+04 2.3385e+04 3.4407e+04 2.3488e+04 3.4327e+04 2.7369e+04 2.9025e+04 2.7645e+04 2.8741e+04 3.2519e+04 2.5037e+04 2.9751e+04 2.3488e+04 3.4327e+04 2.6124e+04
28.9000 2.7323e+04 2.2678e+04 3.3317e+04 2.2777e+04 3.3239e+04 2.6531e+04 2.8123e+04 2.6792e+04 2.7854e+04 3.1506e+04 2.4267e+04 2.8820e+04 2.2777e+04 3.3239e+04 2.5334e+04
29.1000 2.6484e+04 2.1995e+04 3.2266e+04 2.2090e+04 3.2191e+04 2.5722e+04 2.7253e+04 2.5970e+04 2.6998e+04 3.0529e+04 2.3524e+04 2.7924e+04 2.2090e+04 3.2191e+04 2.4572e+04
29.3000 2.5674e+04 2.1337e+04 3.1253e+04 2.1428e+04 3.1181e+04 2.4942e+04 2.6414e+04 2.5176e+04 2.6173e+04 2.9587e+04 2.2808e+04 2.7059e+04 2.1428e+04 3.1181e+04 2.3837e+04
29.5000 2.4894e+04 2.0701e+04 3.0277e+04 2.0789e+04 3.0208e+04 2.4190e+04 2.5604e+04 2.4411e+04 2.5376e+04 2.8679e+04 2.2117e+04 2.6226e+04 2.0789e+04 3.0208e+04 2.3126e+04
29.7000 2.4140e+04 2.0087e+04 2.9336e+04 2.0171e+04 2.9270e+04 2.3463e+04 2.4824e+04 2.3672e+04 2.4608e+04 2.7803e+04 2.1450e+04 2.5422e+04 2.0171e+04 2.9270e+04 2.2441e+04
29.9000 2.3413e+04 1.9494e+04 2.8429e+04 1.9575e+04 2.8365e+04 2.2761e+04 2.4070e+04 2.2960e+04 2.3867e+04 2.6957e+04 2.0806e+04 2.4646e+04 1.9575e+04 2.8365e+04 2.1778e+04
30.1000 2.2711e+04 1.8921e+04 2.7555e+04 1.8999e+04 2.7493e+04 2.2084e+04 2.3344e+04 2.2272e+04 2.3151e+04 2.6141e+04 2.0185e+04 2.3898e+04 1.8999e+04 2.7493e+04 2.1139e+04
30.3000 2.2034e+04 1.8368e+04 2.6711e+04 1.8443e+04 2.6652e+04 2.1430e+04 2.2642e+04 2.1607e+04 2.2460e+04 2.5354e+04 1.9585e+04 2.3177e+04 1.8443e+04 2.6652e+04 2.0521e+04
30.5000 2.1380e+04 1.7833e+04 2.5898e+04 1.7906e+04 2.5840e+04 2.0798e+04 2.1965e+04 2.0966e+04 2.1793e+04 2.4593e+04 1.9005e+04 2.2480e+04 1.7906e+04 2.5840e+04 1.9924e+04
30.7000 2.0748e+04 1.7317e+04 2.5113e+04 1.7386e+04 2.5057e+04 2.0188e+04 2.1311e+04 2.0347e+04 2.1149e+04 2.3859e+04 1.8446e+04 2.1808e+04 1.7386e+04 2.5057e+04 1.9346e+04
30.9000 2.0138e+04 1.6817e+04 2.4355e+04 1.6884e+04 2.4302e+04 1.9598e+04 2.0680e+04 1.9748e+04 2.0527e+04 2.3151e+04 1.7905e+04 2.1159e+04 1.6884e+04 2.4302e+04 1.8789e+04
31.1000 1.9548e+04 1.6335e+04 2.3624e+04 1.6399e+04 2.3573e+04 1.9028e+04 2.0070e+04 1.9170e+04 1.9926e+04 2.2466e+04 1.7383e+04 2.0533e+04 1.6399e+04 2.3573e+04 1.8249e+04
31.3000 1.8978e+04 1.5868e+04 2.2919e+04 1.5930e+04 2.2869e+04 1.8478e+04 1.9481e+04 1.8612e+04 1.9345e+04 2.1805e+04 1.6878e+04 1.9928e+04 1.5930e+04 2.2869e+04 1.7728e+04
31.5000 1.8428e+04 1.5417e+04 2.2238e+04 1.5477e+04 2.2190e+04 1.7946e+04 1.8912e+04 1.8072e+04 1.8783e+04 2.1166e+04 1.6390e+04 1.9343e+04 1.5477e+04 2.2190e+04 1.7224e+04
31.7000 1.7896e+04 1.4980e+04 2.1580e+04 1.5038e+04 2.1534e+04 1.7431e+04 1.8362e+04 1.7550e+04 1.8241e+04 2.0549e+04 1.5919e+04 1.8779e+04 1.5038e+04 2.1534e+04 1.6736e+04
31.9000 1.7381e+04 1.4558e+04 2.0945e+04 1.4614e+04 2.0901e+04 1.6933e+04 1.7831e+04 1.7046e+04 1.7716e+04 1.9952e+04 1.5463e+04 1.8233e+04 1.4614e+04 2.0901e+04 1.6264e+04
32.1000 1.6884e+04 1.4149e+04 2.0332e+04 1.4203e+04 2.0289e+04 1.6452e+04 1.7317e+04 1.6558e+04 1.7209e+04 1.9376e+04 1.5022e+04 1.7706e+04 1.4203e+04 2.0289e+04 1.5808e+04
32.3000 1.6403e+04 1.3754e+04 1.9740e+04 1.3806e+04 1.9698e+04 1.5987e+04 1.6821e+04 1.6087e+04 1.6719e+04 1.8818e+04 1.4596e+04 1.7197e+04 1.3806e+04 1.9698e+04 1.5366e+04
32.5000 1.5938e+04 1.3372e+04 1.9167e+04 1.3422e+04 1.9128e+04 1.5536e+04 1.6341e+04 1.5631e+04 1.6245e+04 1.8279e+04 1.4183e+04 1.6705e+04 1.3422e+04 1.9128e+04 1.4939e+04
32.7000 1.5488e+04 1.3002e+04 1.8615e+04 1.3050e+04 1.8576e+04 1.5101e+04 1.5876e+04 1.5190e+04 1.5786e+04 1.7758e+04 1.3784e+04 1.6229e+04 1.3050e+04 1.8576e+04 1.4525e+04
32.9000 1.5053e+04 1.2643e+04 1.8080e+04 1.2690e+04 1.8043e+04 1.4679e+04 1.5427e+04 1.4763e+04 1.5342e+04 1.7254e+04 1.3399e+04 1.5769e+04 1.2690e+04 1.8043e+04 1.4125e+04
33.1000 1.4632e+04 1.2296e+04 1.7564e+04 1.2342e+04 1.7528e+04 1.4271e+04 1.4993e+04 1.4350e+04 1.4913e+04 1.6767e+04 1.3025e+04 1.5324e+04 1.2342e+04 1.7528e+04 1.3737e+04
33.3000 1.4224e+04 1.1960e+04 1.7064e+04 1.2004e+04 1.7030e+04 1.3876e+04 1.4572e+04 1.3951e+04 1.4498e+04 1.6295e+04 1.2664e+04 1.4894e+04 1.2004e+04 1.7030e+04 1.3362e+04
33.5000 1.3830e+04 1.1635e+04 1.6581e+04 1.1677e+04 1.6548e+04 1.3494e+04 1.4166e+04 1.3564e+04 1.4096e+04 1.5839e+04 1.2314e+04 1.4477e+04 1.1677e+04 1.6548e+04 1.2998e+04
33.7000 1.3448e+04 1.1320e+04 1.6114e+04 1.1361e+04 1.6081e+04 1.3124e+04 1.3772e+04 1.3190e+04 1.3706e+04 1.5397e+04 1.1975e+04 1.4074e+04 1.1361e+04 1.6081e+04 1.2646e+04
33.9000 1.3078e+04 1.1015e+04 1.5661e+04 1.1054e+04 1.5630e+04 1.2766e+04 1.3391e+04 1.2827e+04 1.3329e+04 1.4969e+04 1.1647e+04 1.3683e+04 1.1054e+04 1.5630e+04 1.2304e+04
34.1000 1.2720e+04 1.0719e+04 1.5223e+04 1.0757e+04 1.5193e+04 1.2418e+04 1.3022e+04 1.2476e+04 1.2964e+04 1.4555e+04 1.1330e+04 1.3306e+04 1.0757e+04 1.5193e+04 1.1974e+04
34.3000 1.2374e+04 1.0432e+04 1.4800e+04 1.0469e+04 1.4770e+04 1.2082e+04 1.2665e+04 1.2136e+04 1.2611e+04 1.4155e+04 1.1022e+04 1.2940e+04 1.0469e+04 1.4770e+04 1.1654e+04
34.5000 1.2038e+04 1.0154e+04 1.4389e+04 1.0190e+04 1.4361e+04 1.1756e+04 1.2320e+04 1.1807e+04 1.2269e+04 1.3767e+04 1.0724e+04 1.2585e+04 1.0190e+04 1.4361e+04 1.1343e+04
34.7000 1.1713e+04 9.8850e+03 1.3992e+04 9.9194e+03 1.3965e+04 1.1441e+04 1.1985e+04 1.1488e+04 1.1937e+04 1.3391e+04 1.0435e+04 1.2242e+04 9.9194e+03 1.3965e+04 1.1042e+04
34.9000 1.1398e+04 9.6240e+03 1.3608e+04 9.6573e+03 1.3581e+04 1.1135e+04 1.1660e+04 1.1179e+04 1.1616e+04 1.3027e+04 1.0156e+04 1.1910e+04 9.6573e+03 1.3581e+04 1.0750e+04
35.1000 1.1092e+04 9.3709e+03 1.3235e+04 9.4031e+03 1.3210e+04 1.0838e+04 1.1346e+04 1.0880e+04 1.1305e+04 1.2674e+04 9.8846e+03 1.1588e+04 9.4031e+03 1.3210e+04 1.0467e+04
35.3000 1.0797e+04 9.1255e+03 1.2875e+04 9.1566e+03 1.2850e+04 1.0551e+04 1.1042e+04 1.0590e+04 1.1003e+04 1.2333e+04 9.6219e+03 1.1276e+04 9.1566e+03 1.2850e+04 1.0193e+04
35.5000 1.0510e+04 8.8875e+03 1.2525e+04 8.9176e+03 1.2501e+04 1.0272e+04 1.0747e+04 1.0309e+04 1.0711e+04 1.2002e+04 9.3673e+03 1.0973e+04 8.9176e+03 1.2501e+04 9.9270e+03
35.7000 1.0232e+04 8.6567e+03 1.2187e+04 8.6858e+03 1.2163e+04 1.0002e+04 1.0461e+04 1.0036e+04 1.0428e+04 1.1681e+04 9.1204e+03 1.0680e+04 8.6858e+03 1.2163e+04 9.6690e+03
35.9000 9.9624e+03 8.4327e+03 1.1859e+04 8.4610e+03 1.1836e+04 9.7405e+03 1.0184e+04 9.7719e+03 1.0153e+04 1.1370e+04 8.8811e+03 1.0396e+04 8.4610e+03 1.1836e+04 9.4187e+03
36.1000 9.7012e+03 8.2155e+03 1.1541e+04 8.2428e+03 1.1519e+04 9.4865e+03 9.9152e+03 9.5158e+03 9.8866e+03 1.1069e+04 8.6490e+03 1.0121e+04 8.2428e+03 1.1519e+04 9.1759e+03
36.3000 9.4478e+03 8.0047e+03 1.1233e+04 8.0312e+03 1.1212e+04 9.2402e+03 9.6548e+03 9.2673e+03 9.6284e+03 1.0777e+04 8.4240e+03 9.8539e+03 8.0312e+03 1.1212e+04 8.9402e+03
36.5000 9.2021e+03 7.8001e+03 1.0934e+04 7.8258e+03 1.0914e+04 9.0013e+03 9.4023e+03 9.0264e+03 9.3779e+03 1.0494e+04 8.2057e+03 9.5951e+03 7.8258e+03 1.0914e+04 8.7115e+03
36.7000 8.9639e+03 7.6016e+03 1.0645e+04 7.6264e+03 1.0625e+04 8.7695e+03 9.1574e+03 8.7927e+03 9.1350e+03 1.0220e+04 7.9939e+03 9.3441e+03 7.6264e+03 1.0625e+04 8.4896e+03
36.9000 8.7327e+03 7.4089e+03 1.0365e+04 7.4329e+03 1.0345e+04 8.5446e+03 8.9200e+03 8.5661e+03 8.8993e+03 9.9532e+03 7.7885e+03 9.1007e+03 7.4329e+03 1.0345e+04 8.2742e+03
37.1000 8.5084e+03 7.2218e+03 1.0092e+04 7.2451e+03 1.0074e+04 8.3264e+03 8.6896e+03 8.3461e+03 8.6707e+03 9.6950e+03 7.5891e+03 8.8646e+03 7.2451e+03 1.0074e+04 8.0650e+03
37.3000 8.2908e+03 7.0402e+03 9.8287e+03 7.0628e+03 9.8105e+03 8.1147e+03 8.4662e+03 8.1328e+03 8.4489e+03 9.4445e+03 7.3957e+03 8.6356e+03 7.0628e+03 9.8105e+03 7.8620e+03
37.5000 8.0797e+03 6.8638e+03 9.5729e+03 6.8857e+03 9.5552e+03 7.9091e+03 8.2494e+03 7.9257e+03 8.2336e+03 9.2015e+03 7.2080e+03 8.4134e+03 6.8857e+03 9.5552e+03 7.6648e+03
37.7000 7.8748e+03 6.6925e+03 9.3247e+03 6.7138e+03 9.3076e+03 7.7096e+03 8.0390e+03 7.7248e+03 8.0248e+03 8.9657e+03 7.0258e+03 8.1978e+03 6.7138e+03 9.3076e+03 7.4734e+03
37.9000 7.6758e+03 6.5262e+03 9.0840e+03 6.5468e+03 9.0674e+03 7.5159e+03 7.8349e+03 7.5297e+03 7.8220e+03 8.7370e+03 6.8489e+03 7.9886e+03 6.5468e+03 9.0674e+03 7.2874e+03
38.1000 7.4828e+03 6.3646e+03 8.8505e+03 6.3846e+03 8.8343e+03 7.3279e+03 7.6368e+03 7.3404e+03 7.6252e+03 8.5150e+03 6.6772e+03 7.7856e+03 6.3846e+03 8.8343e+03 7.1068e+03
38.3000 7.2953e+03 6.2076e+03 8.6239e+03 6.2270e+03 8.6082e+03 7.1453e+03 7.4444e+03 7.1565e+03 7.4341e+03 8.2995e+03 6.5104e+03 7.5885e+03 6.2270e+03 8.6082e+03 6.9313e+03
38.5000 7.1133e+03 6.0551e+03 8.4041e+03 6.0739e+03 8.3888e+03 6.9679e+03 7.2578e+03 6.9781e+03 7.2486e+03 8.0904e+03 6.3485e+03 7.3972e+03 6.0739e+03 8.3888e+03 6.7608e+03
38.7000 6.9366e+03 5.9069e+03 8.1907e+03 5.9251e+03 8.1759e+03 6.7957e+03 7.0765e+03 6.8048e+03 7.0684e+03 7.8874e+03 6.1913e+03 7.2115e+03 5.9251e+03 8.1759e+03 6.5951e+03
38.9000 6.7649e+03 5.7629e+03 7.9836e+03 5.7806e+03 7.9692e+03 6.6284e+03 6.9005e+03 6.6364e+03 6.8934e+03 7.6903e+03 6.0386e+03 7.0312e+03 5.7806e+03 7.9692e+03 6.4341e+03
39.1000 6.5982e+03 5.6229e+03 7.7825e+03 5.6401e+03 7.7686e+03 6.4659e+03 6.7296e+03 6.4729e+03 6.7235e+03 7.4989e+03 5.8902e+03 6.8561e+03 5.6401e+03 7.7686e+03 6.2777e+03
39.3000 6.4363e+03 5.4869e+03 7.5874e+03 5.5035e+03 7.5738e+03 6.3080e+03 6.5636e+03 6.3141e+03 6.5584e+03 7.3131e+03 5.7461e+03 6.6861e+03 5.5035e+03 7.5738e+03 6.1256e+03
39.5000 6.2790e+03 5.3546e+03 7.3979e+03 5.3708e+03 7.3847e+03 6.1546e+03 6.4024e+03 6.1599e+03 6.3981e+03 7.1326e+03 5.6060e+03 6.5210e+03 5.3708e+03 7.3847e+03 5.9778e+03
39.7000 6.1261e+03 5.2260e+03 7.2139e+03 5.2418e+03 7.2011e+03 6.0055e+03 6.2458e+03 6.0100e+03 6.2423e+03 6.9574e+03 5.4699e+03 6.3606e+03 5.2418e+03 7.2011e+03 5.8340e+03
39.9000 5.9776e+03 5.1010e+03 7.0353e+03 5.1163e+03 7.0228e+03 5.8606e+03 6.0936e+03 5.8643e+03 6.0909e+03 6.7871e+03 5.3377e+03 6.2048e+03 5.1163e+03 7.0228e+03 5.6943e+03
40.1000 5.8333e+03 4.9795e+03 6.8618e+03 4.9943e+03 6.8496e+03 5.7198e+03 5.9458e+03 5.7228e+03 5.9438e+03 6.6217e+03 5.2092e+03 6.0534e+03 4.9943e+03 6.8496e+03 5.5584e+03
40.3000 5.6930e+03 4.8612e+03 6.6932e+03 4.8756e+03 6.6814e+03 5.5830e+03 5.8021e+03 5.5852e+03 5.8008e+03 6.4610e+03 5.0842e+03 5.9064e+03 4.8756e+03 6.6814e+03 5.4262e+03
40.5000 5.5567e+03 4.7462e+03 6.5295e+03 4.7602e+03 6.5180e+03 5.4499e+03 5.6625e+03 5.4515e+03 5.6619e+03 6.3049e+03 4.9628e+03 5.7634e+03 4.7602e+03 6.5180e+03 5.2977e+03
40.7000 5.4241e+03 4.6344e+03 6.3705e+03 4.6480e+03 6.3593e+03 5.3205e+03 5.5268e+03 5.3216e+03 5.5267e+03 6.1531e+03 4.8447e+03 5.6246e+03 4.6480e+03 6.3593e+03 5.1727e+03
40.9000 5.2952e+03 4.5256e+03 6.2159e+03 4.5388e+03 6.2050e+03 5.1946e+03 5.3949e+03 5.1951e+03 5.3953e+03 6.0055e+03 4.7298e+03 5.4895e+03 4.5388e+03 6.2050e+03 5.0511e+03
41.1000 5.1698e+03 4.4197e+03 6.0656e+03 4.4325e+03 6.0550e+03 5.0722e+03 5.2665e+03 5.0721e+03 5.2675e+03 5.8620e+03 4.6181e+03 5.3582e+03 4.4325e+03 6.0550e+03 4.9327e+03
41.3000 5.0478e+03 4.3167e+03 5.9195e+03 4.3291e+03 5.9092e+03 4.9530e+03 5.1416e+03 4.9524e+03 5.1431e+03 5.7224e+03 4.5094e+03 5.2305e+03 4.3291e+03 5.9092e+03 4.8176e+03
41.5000 4.9291e+03 4.2164e+03 5.7775e+03 4.2285e+03 5.7674e+03 4.8371e+03 5.0201e+03 4.8360e+03 5.0221e+03 5.5866e+03 4.4036e+03 5.1063e+03 4.2285e+03 5.7674e+03 4.7056e+03
41.7000 4.8136e+03 4.1188e+03 5.6394e+03 4.1306e+03 5.6296e+03 4.7242e+03 4.9019e+03 4.7227e+03 4.9044e+03 5.4544e+03 4.3007e+03 4.9855e+03 4.1306e+03 5.6296e+03 4.5965e+03
41.9000 4.7011e+03 4.0239e+03 5.5050e+03 4.0353e+03 5.4955e+03 4.6144e+03 4.7869e+03 4.6125e+03 4.7898e+03 5.3259e+03 4.2005e+03 4.8680e+03 4.0353e+03 5.4955e+03 4.4904e+03
42.1000 4.5917e+03 3.9314e+03 5.3744e+03 3.9426e+03 5.3651e+03 4.5075e+03 4.6751e+03 4.5052e+03 4.6783e+03 5.2008e+03 4.1030e+03 4.7537e+03 3.9426e+03 5.3651e+03 4.3871e+03
42.3000 4.4852e+03 3.8414e+03 5.2474e+03 3.8523e+03 5.2383e+03 4.4034e+03 4.5661e+03 4.4007e+03 4.5698e+03 5.0790e+03 4.0081e+03 4.6424e+03 3.8523e+03 5.2383e+03 4.2865e+03
42.5000 4.3816e+03 3.7538e+03 5.1238e+03 3.7643e+03 5.1150e+03 4.3021e+03 4.4602e+03 4.2991e+03 4.4641e+03 4.9606e+03 3.9157e+03 4.5342e+03 3.7643e+03 5.1150e+03 4.1886e+03
42.7000 4.2807e+03 3.6685e+03 5.0035e+03 3.6787e+03 4.9950e+03 4.2035e+03 4.3570e+03 4.2001e+03 4.3613e+03 4.8452e+03 3.8258e+03 4.4289e+03 3.6787e+03 4.9950e+03 4.0933e+03
42.9000 4.1824e+03 3.5854e+03 4.8866e+03 3.5954e+03 4.8782e+03 4.1074e+03 4.2566e+03 4.1037e+03 4.2611e+03 4.7330e+03 3.7382e+03 4.3264e+03 3.5954e+03 4.8782e+03 4.0004e+03
43.1000 4.0868e+03 3.5045e+03 4.7727e+03 3.5142e+03 4.7646e+03 4.0139e+03 4.1588e+03 4.0099e+03 4.1637e+03 4.6237e+03 3.6529e+03 4.2266e+03 3.5142e+03 4.7646e+03 3.9101e+03
43.3000 3.9936e+03 3.4257e+03 4.6619e+03 3.4351e+03 4.6540e+03 3.9228e+03 4.0636e+03 3.9185e+03 4.0687e+03 4.5173e+03 3.5699e+03 4.1294e+03 3.4351e+03 4.6540e+03 3.8220e+03
43.5000 3.9029e+03 3.3489e+03 4.5541e+03 3.3581e+03 4.5464e+03 3.8341e+03 3.9709e+03 3.8296e+03 3.9763e+03 4.4138e+03 3.4890e+03 4.0349e+03 3.3581e+03 4.5464e+03 3.7362e+03
43.7000 3.8146e+03 3.2741e+03 4.4492e+03 3.2831e+03 4.4416e+03 3.7477e+03 3.8806e+03 3.7429e+03 3.8862e+03 4.3129e+03 3.4103e+03 3.9428e+03 3.2831e+03 4.4416e+03 3.6527e+03
43.9000 3.7285e+03 3.2013e+03 4.3470e+03 3.2100e+03 4.3397e+03 3.6635e+03 3.7927e+03 3.6585e+03 3.7986e+03 4.2147e+03 3.3336e+03 3.8532e+03 3.2100e+03 4.3397e+03 3.5713e+03
44.1000 3.6447e+03 3.1303e+03 4.2476e+03 3.1388e+03 4.2404e+03 3.5815e+03 3.7071e+03 3.5763e+03 3.7131e+03 4.1191e+03 3.2588e+03 3.7659e+03 3.1388e+03 4.2404e+03 3.4920e+03
44.3000 3.5631e+03 3.0611e+03 4.1507e+03 3.0694e+03 4.1438e+03 3.5016e+03 3.6237e+03 3.4962e+03 3.6299e+03 4.0259e+03 3.1860e+03 3.6808e+03 3.0694e+03 4.1438e+03 3.4148e+03
44.5000 3.4835e+03 2.9937e+03 4.0565e+03 3.0018e+03 4.0497e+03 3.4238e+03 3.5425e+03 3.4182e+03 3.5489e+03 3.9352e+03 3.1151e+03 3.5980e+03 3.0018e+03 4.0497e+03 3.3395e+03
44.7000 3.4060e+03 2.9280e+03 3.9646e+03 2.9359e+03 3.9580e+03 3.3479e+03 3.4633e+03 3.3421e+03 3.4699e+03 3.8468e+03 3.0460e+03 3.5174e+03 2.9359e+03 3.9580e+03 3.2661e+03
44.9000 3.3305e+03 2.8640e+03 3.8752e+03 2.8717e+03 3.8688e+03 3.2740e+03 3.3862e+03 3.2680e+03 3.3929e+03 3.7607e+03 2.9786e+03 3.4388e+03 2.8717e+03 3.8688e+03 3.1946e+03
45.1000 3.2569e+03 2.8016e+03 3.7881e+03 2.8091e+03 3.7818e+03 3.2019e+03 3.3111e+03 3.1958e+03 3.3179e+03 3.6768e+03 2.9130e+03 3.3622e+03 2.8091e+03 3.7818e+03 3.1249e+03
45.3000 3.1852e+03 2.7408e+03 3.7033e+03 2.7481e+03 3.6971e+03 3.1317e+03 3.2379e+03 3.1255e+03 3.2448e+03 3.5950e+03 2.8490e+03 3.2876e+03 2.7481e+03 3.6971e+03 3.0570e+03
45.5000 3.1152e+03 2.6815e+03 3.6207e+03 2.6886e+03 3.6147e+03 3.0633e+03 3.1665e+03 3.0569e+03 3.1736e+03 3.5154e+03 2.7867e+03 3.2149e+03 2.6886e+03 3.6147e+03 2.9908e+03
45.7000 3.0471e+03 2.6236e+03 3.5401e+03 2.6306e+03 3.5343e+03 2.9965e+03 3.0970e+03 2.9901e+03 3.1041e+03 3.4377e+03 2.7259e+03 3.1441e+03 2.6306e+03 3.5343e+03 2.9262e+03
45.9000 2.9807e+03 2.5672e+03 3.4617e+03 2.5740e+03 3.4560e+03 2.9315e+03 3.0292e+03 2.9249e+03 3.0364e+03 3.3621e+03 2.6666e+03 3.0751e+03 2.5740e+03 3.4560e+03 2.8632e+03
46.1000 2.9159e+03 2.5123e+03 3.3852e+03 2.5188e+03 3.3797e+03 2.8681e+03 2.9631e+03 2.8614e+03 2.9705e+03 3.2884e+03 2.6088e+03 3.0078e+03 2.5188e+03 3.3797e+03 2.8018e+03
46.3000 2.8528e+03 2.4586e+03 3.3108e+03 2.4651e+03 3.3053e+03 2.8062e+03 2.8987e+03 2.7995e+03 2.9061e+03 3.2165e+03 2.5525e+03 2.9422e+03 2.4651e+03 3.3053e+03 2.7420e+03
46.5000 2.7912e+03 2.4064e+03 3.2382e+03 2.4126e+03 3.2328e+03 2.7459e+03 2.8359e+03 2.7391e+03 2.8434e+03 3.1464e+03 2.4976e+03 2.8783e+03 2.4126e+03 3.2328e+03 2.6836e+03
46.7000 2.7312e+03 2.3553e+03 3.1674e+03 2.3614e+03 3.1622e+03 2.6871e+03 2.7747e+03 2.6802e+03 2.7822e+03 3.0781e+03 2.4440e+03 2.8159e+03 2.3614e+03 3.1622e+03 2.6266e+03
46.9000 2.6727e+03 2.3056e+03 3.0984e+03 2.3115e+03 3.0933e+03 2.6297e+03 2.7150e+03 2.6228e+03 2.7226e+03 3.0116e+03 2.3918e+03 2.7552e+03 2.3115e+03 3.0933e+03 2.5711e+03
47.1000 2.6156e+03 2.2570e+03 3.0312e+03 2.2628e+03 3.0262e+03 2.5738e+03 2.6568e+03 2.5668e+03 2.6644e+03 2.9466e+03 2.3408e+03 2.6959e+03 2.2628e+03 3.0262e+03 2.5169e+03
47.3000 2.5599e+03 2.2097e+03 2.9656e+03 2.2154e+03 2.9608e+03 2.5192e+03 2.6001e+03 2.5122e+03 2.6077e+03 2.8833e+03 2.2912e+03 2.6381e+03 2.2154e+03 2.9608e+03 2.4641e+03
47.5000 2.5056e+03 2.1635e+03 2.9017e+03 2.1690e+03 2.8970e+03 2.4660e+03 2.5447e+03 2.4589e+03 2.5524e+03 2.8216e+03 2.2427e+03 2.5818e+03 2.1690e+03 2.8970e+03 2.4125e+03
47.7000 2.4527e+03 2.1184e+03 2.8394e+03 2.1238e+03 2.8348e+03 2.4141e+03 2.4907e+03 2.4069e+03 2.4984e+03 2.7614e+03 2.1954e+03 2.5268e+03 2.1238e+03 2.8348e+03 2.3622e+03
47.9000 2.4010e+03 2.0744e+03 2.7786e+03 2.0797e+03 2.7741e+03 2.3634e+03 2.4381e+03 2.3562e+03 2.4458e+03 2.7027e+03 2.1493e+03 2.4732e+03 2.0797e+03 2.7741e+03 2.3131e+03
48.1000 2.3506e+03 2.0315e+03 2.7193e+03 2.0366e+03 2.7149e+03 2.3140e+03 2.3867e+03 2.3068e+03 2.3944e+03 2.6454e+03 2.1043e+03 2.4209e+03 2.0366e+03 2.7149e+03 2.2651e+03
48.3000 2.3014e+03 1.9896e+03 2.6615e+03 1.9946e+03 2.6572e+03 2.2657e+03 2.3366e+03 2.2586e+03 2.3443e+03 2.5896e+03 2.0604e+03 2.3699e+03 1.9946e+03 2.6572e+03 2.2184e+03
48.5000 2.2534e+03 1.9487e+03 2.6051e+03 1.9536e+03 2.6009e+03 2.2187e+03 2.2877e+03 2.2115e+03 2.2954e+03 2.5351e+03 2.0175e+03 2.3201e+03 1.9536e+03 2.6009e+03 2.1727e+03
48.7000 2.2066e+03 1.9087e+03 2.5501e+03 1.9135e+03 2.5460e+03 2.1727e+03 2.2400e+03 2.1655e+03 2.2477e+03 2.4819e+03 1.9757e+03 2.2715e+03 1.9135e+03 2.5460e+03 2.1282e+03
48.9000 2.1609e+03 1.8698e+03 2.4964e+03 1.8745e+03 2.4924e+03 2.1279e+03 2.1934e+03 2.1207e+03 2.2011e+03 2.4301e+03 1.9349e+03 2.2241e+03 1.8745e+03 2.4924e+03 2.0847e+03
49.1000 2.1163e+03 1.8317e+03 2.4441e+03 1.8363e+03 2.4402e+03 2.0841e+03 2.1480e+03 2.0770e+03 2.1557e+03 2.3795e+03 1.8950e+03 2.1779e+03 1.8363e+03 2.4402e+03 2.0422e+03
49.3000 2.0728e+03 1.7946e+03 2.3930e+03 1.7990e+03 2.3892e+03 2.0414e+03 2.1037e+03 2.0343e+03 2.1113e+03 2.3301e+03 1.8562e+03 2.1327e+03 1.7990e+03 2.3892e+03 2.0008e+03
49.5000 2.0303e+03 1.7583e+03 2.3431e+03 1.7627e+03 2.3394e+03 1.9997e+03 2.0604e+03 1.9926e+03 2.0680e+03 2.2820e+03 1.8182e+03 2.0887e+03 1.7627e+03 2.3394e+03 1.9603e+03
49.7000 1.9888e+03 1.7229e+03 2.2945e+03 1.7272e+03 2.2908e+03 1.9590e+03 2.0182e+03 1.9519e+03 2.0258e+03 2.2349e+03 1.7812e+03 2.0457e+03 1.7272e+03 2.2908e+03 1.9208e+03
49.9000 1.9483e+03 1.6883e+03 2.2470e+03 1.6925e+03 2.2434e+03 1.9193e+03 1.9770e+03 1.9122e+03 1.9845e+03 2.1891e+03 1.7450e+03 2.0037e+03 1.6925e+03 2.2434e+03 1.8822e+03