# Job started on: Thu Oct 30 13:53:44 CET 2025 ..............
# FONLL heavy quark hadroproduction cross section, calculated on Thu Oct 30 13:55:57 CET 2025
# FONLL version and perturbative order: ## FONLL v1.4.0 fonll [ds/dpt^2dy (pb/GeV^2)]
# quark = charm
# final state = meson (meson = D+). NP params (cm,lm,hm) = 0.1, 0.06, 0.135
# BR(q->meson) = 1
# ebeam1 = 2680, ebeam2 = 2680
# PDF set = NNPDF30_nlo_as_0118
# ptmin = 0.05
# ptmax = 23.95
# ymin = -0.5
# ymax = 0.5
# Uncertainties from scales, masses, PDFs combined quadratically
# cross section is ds/dpt (pb/GeV)
# pt  central  min  max  min_sc  max_sc  min_mass max_mass  min_pdf max_pdf fr=.5 .5  fr=2 2  fr=2 1  fr=1 2 fr=1 .5 fr=.5 1
0.0500 1.2432e+07 -1.0717e+06 4.4701e+07 1.3474e+05 4.4458e+07 8.4529e+06 1.2997e+07 8.5209e+06 1.6343e+07 3.1643e+05 2.7383e+07 3.7710e+07 6.1484e+06 4.4458e+07 1.3474e+05
0.1500 3.2979e+07 -2.0001e+06 1.1403e+08 4.4812e+05 1.1345e+08 2.4522e+07 3.3249e+07 2.3295e+07 4.2662e+07 1.0614e+06 6.9262e+07 9.1916e+07 1.6556e+07 1.1345e+08 4.4812e+05
0.2500 5.0045e+07 -2.1633e+06 1.6569e+08 7.6876e+05 1.6488e+08 3.9529e+07 5.0045e+07 3.6370e+07 6.3719e+07 1.8240e+06 1.0055e+08 1.2952e+08 2.5533e+07 1.6488e+08 7.6876e+05
0.3500 6.5527e+07 -1.7503e+06 2.0737e+08 1.1172e+06 2.0641e+08 5.5220e+07 6.5527e+07 4.9054e+07 8.1999e+07 2.6576e+06 1.2584e+08 1.5958e+08 3.3978e+07 2.0641e+08 1.1172e+06
0.4500 8.0115e+07 -9.5706e+05 2.4288e+08 1.5132e+06 2.4184e+08 7.2436e+07 8.0115e+07 6.1799e+07 9.8428e+07 3.6156e+06 1.4699e+08 1.8650e+08 4.2156e+07 2.4184e+08 1.5132e+06
0.5500 9.3869e+07 -5.5963e+05 2.7372e+08 1.9699e+06 2.7268e+08 8.4017e+07 9.3869e+07 7.4523e+07 1.1321e+08 4.7340e+06 1.6460e+08 2.1164e+08 5.0027e+07 2.7268e+08 1.9699e+06
0.6500 1.0684e+08 -2.8244e+05 3.0122e+08 2.4820e+06 3.0018e+08 9.2848e+07 1.1041e+08 8.7122e+07 1.2654e+08 6.0005e+06 1.7931e+08 2.3598e+08 5.7548e+07 3.0018e+08 2.4820e+06
0.7500 1.1871e+08 -1.4908e+04 3.2535e+08 3.0511e+06 3.2413e+08 1.0036e+08 1.2990e+08 9.9167e+07 1.3823e+08 7.4198e+06 1.9106e+08 2.5861e+08 6.4512e+07 3.2413e+08 3.0511e+06
0.8500 1.2918e+08 3.2151e+05 3.4562e+08 3.7400e+06 3.4392e+08 1.0658e+08 1.4852e+08 1.1024e+08 1.4810e+08 9.1708e+06 1.9971e+08 2.7820e+08 7.0733e+07 3.4392e+08 3.7400e+06
0.9500 1.3787e+08 8.0168e+05 3.6123e+08 4.5751e+06 3.5887e+08 1.1150e+08 1.6481e+08 1.1985e+08 1.5589e+08 1.1320e+07 2.0514e+08 2.9344e+08 7.5996e+07 3.5887e+08 4.5751e+06
1.0500 1.4454e+08 1.4502e+06 3.7172e+08 5.5376e+06 3.6864e+08 1.1507e+08 1.7776e+08 1.2766e+08 1.6142e+08 1.3793e+07 2.0746e+08 3.0371e+08 8.0168e+07 3.6864e+08 5.5376e+06
1.1500 1.4891e+08 2.4717e+06 3.7611e+08 6.8022e+06 3.7232e+08 1.1719e+08 1.8718e+08 1.3332e+08 1.6452e+08 1.7080e+07 2.0653e+08 3.0811e+08 8.3120e+07 3.7232e+08 6.8022e+06
1.2500 1.5118e+08 3.8592e+06 3.7498e+08 8.3663e+06 3.7044e+08 1.1794e+08 1.9372e+08 1.3695e+08 1.6541e+08 2.1336e+07 2.0274e+08 3.0700e+08 8.4919e+07 3.7044e+08 8.3663e+06
1.3500 1.5141e+08 5.9673e+06 3.6902e+08 1.0585e+07 3.6382e+08 1.1741e+08 1.9694e+08 1.3854e+08 1.6428e+08 2.7679e+07 1.9661e+08 3.0114e+08 8.5591e+07 3.6382e+08 1.0585e+07
1.4500 1.4976e+08 8.8615e+06 3.5894e+08 1.3521e+07 3.5330e+08 1.1574e+08 1.9656e+08 1.3818e+08 1.6132e+08 3.6035e+07 1.8871e+08 2.9150e+08 8.5217e+07 3.5330e+08 1.3521e+07
1.5500 1.4657e+08 1.2134e+07 3.4559e+08 1.6776e+07 3.3973e+08 1.1311e+08 1.9339e+08 1.3622e+08 1.5691e+08 4.4858e+07 1.7959e+08 2.7907e+08 8.3978e+07 3.3973e+08 1.6776e+07
1.6500 1.4218e+08 1.5352e+07 3.2978e+08 1.9922e+07 3.2384e+08 1.0972e+08 1.8809e+08 1.3297e+08 1.5139e+08 5.2359e+07 1.6973e+08 2.6479e+08 8.2020e+07 3.2384e+08 1.9922e+07
1.7500 1.3687e+08 1.8243e+07 3.1223e+08 2.2694e+07 3.0634e+08 1.0574e+08 1.8122e+08 1.2870e+08 1.4504e+08 5.8259e+07 1.5948e+08 2.4933e+08 7.9497e+07 3.0634e+08 2.2694e+07
1.8500 1.3090e+08 2.0703e+07 2.9382e+08 2.4994e+07 2.8806e+08 1.0132e+08 1.7324e+08 1.2367e+08 1.3814e+08 6.2587e+07 1.4914e+08 2.3336e+08 7.6546e+07 2.8806e+08 2.4994e+07
1.9500 1.2448e+08 2.2686e+07 2.7519e+08 2.6786e+07 2.6963e+08 9.6608e+07 1.6453e+08 1.1807e+08 1.3089e+08 6.5507e+07 1.3898e+08 2.1742e+08 7.3293e+07 2.6963e+08 2.6786e+07
2.0500 1.1780e+08 2.4181e+07 2.5660e+08 2.8068e+07 2.5129e+08 9.1714e+07 1.5538e+08 1.1212e+08 1.2348e+08 6.7236e+07 1.2911e+08 2.0175e+08 6.9846e+07 2.5129e+08 2.8068e+07
2.1500 1.1108e+08 2.5343e+07 2.3846e+08 2.9015e+07 2.3344e+08 8.6773e+07 1.4614e+08 1.0605e+08 1.1611e+08 6.7995e+07 1.1964e+08 1.8663e+08 6.6303e+07 2.3344e+08 2.9015e+07
2.2500 1.0440e+08 2.6209e+07 2.2101e+08 2.9664e+07 2.1628e+08 8.1851e+07 1.3698e+08 9.9944e+07 1.0886e+08 6.7964e+07 1.1067e+08 1.7222e+08 6.2728e+07 2.1628e+08 2.9664e+07
2.3500 9.7865e+07 2.6757e+07 2.0440e+08 2.9999e+07 1.9995e+08 7.7010e+07 1.2807e+08 9.3903e+07 1.0183e+08 6.7292e+07 1.0222e+08 1.5864e+08 5.9184e+07 1.9995e+08 2.9999e+07
2.4500 9.1542e+07 2.6964e+07 1.8871e+08 2.9996e+07 1.8457e+08 7.2306e+07 1.1940e+08 8.8017e+07 9.5067e+07 6.6069e+07 9.4330e+07 1.4594e+08 5.5718e+07 1.8457e+08 2.9996e+07
2.5500 8.5477e+07 2.6849e+07 1.7397e+08 2.9676e+07 1.7015e+08 6.7770e+07 1.1098e+08 8.2334e+07 8.8621e+07 6.4337e+07 8.6986e+07 1.3412e+08 5.2356e+07 1.7015e+08 2.9676e+07
2.6500 7.9706e+07 2.6458e+07 1.6019e+08 2.9084e+07 1.5672e+08 6.3430e+07 1.0291e+08 7.6897e+07 8.2515e+07 6.2068e+07 8.0180e+07 1.2319e+08 4.9123e+07 1.5672e+08 2.9084e+07
2.7500 7.4243e+07 2.5855e+07 1.4741e+08 2.8289e+07 1.4426e+08 5.9299e+07 9.5314e+07 7.1727e+07 7.6759e+07 5.9471e+07 7.3894e+07 1.1311e+08 4.6032e+07 1.4426e+08 2.8289e+07
2.8500 6.9095e+07 2.5141e+07 1.3561e+08 2.7395e+07 1.3274e+08 5.5385e+07 8.8315e+07 6.6837e+07 7.1354e+07 5.6792e+07 6.8100e+07 1.0385e+08 4.3094e+07 1.3274e+08 2.7395e+07
2.9500 6.4263e+07 2.4368e+07 1.2477e+08 2.6455e+07 1.2210e+08 5.1692e+07 8.1908e+07 6.2231e+07 6.6296e+07 5.4118e+07 6.2770e+07 9.5348e+07 4.0310e+07 1.2210e+08 2.6455e+07
3.0500 5.9739e+07 2.3530e+07 1.1481e+08 2.5462e+07 1.1232e+08 4.8215e+07 7.6011e+07 5.7906e+07 6.1572e+07 5.1429e+07 5.7874e+07 8.7566e+07 3.7683e+07 1.1232e+08 2.5462e+07
3.1500 5.5514e+07 2.2653e+07 1.0563e+08 2.4441e+07 1.0331e+08 4.4952e+07 7.0487e+07 5.3857e+07 5.7170e+07 4.8770e+07 5.3381e+07 8.0449e+07 3.5209e+07 1.0331e+08 2.4441e+07
3.2500 5.1575e+07 2.1757e+07 9.7184e+07 2.3411e+07 9.5039e+07 4.1898e+07 6.5316e+07 5.0075e+07 5.3075e+07 4.6174e+07 4.9259e+07 7.3943e+07 3.2886e+07 9.5039e+07 2.3411e+07
3.3500 4.7910e+07 2.0855e+07 8.9425e+07 2.2386e+07 8.7448e+07 3.9043e+07 6.0493e+07 4.6549e+07 4.9272e+07 4.3662e+07 4.5480e+07 6.8000e+07 3.0709e+07 8.7448e+07 2.2386e+07
3.4500 4.4505e+07 1.9959e+07 8.2302e+07 2.1376e+07 8.0488e+07 3.6380e+07 5.6006e+07 4.3266e+07 4.5743e+07 4.1247e+07 4.2016e+07 6.2574e+07 2.8672e+07 8.0488e+07 2.1376e+07
3.5500 4.1344e+07 1.9077e+07 7.5770e+07 2.0390e+07 7.4111e+07 3.3898e+07 5.1840e+07 4.0216e+07 4.2472e+07 3.8938e+07 3.8841e+07 5.7620e+07 2.6768e+07 7.4111e+07 2.0390e+07
3.6500 3.8412e+07 1.8216e+07 6.9782e+07 1.9432e+07 6.8270e+07 3.1587e+07 4.7981e+07 3.7382e+07 3.9442e+07 3.6741e+07 3.5931e+07 5.3098e+07 2.4991e+07 6.8270e+07 1.9432e+07
3.7500 3.5698e+07 1.7372e+07 6.4306e+07 1.8499e+07 6.2925e+07 2.9442e+07 4.4429e+07 3.4756e+07 3.6641e+07 3.4643e+07 3.3263e+07 4.8969e+07 2.3335e+07 6.2925e+07 1.8499e+07
3.8500 3.3191e+07 1.6546e+07 5.9302e+07 1.7590e+07 5.8036e+07 2.7453e+07 4.1177e+07 3.2328e+07 3.4055e+07 3.2638e+07 3.0814e+07 4.5193e+07 2.1797e+07 5.8036e+07 1.7590e+07
3.9500 3.0875e+07 1.5741e+07 5.4729e+07 1.6708e+07 5.3564e+07 2.5610e+07 3.8194e+07 3.0082e+07 3.1667e+07 3.0728e+07 2.8566e+07 4.1740e+07 2.0368e+07 5.3564e+07 1.6708e+07
4.0500 2.8734e+07 1.4962e+07 5.0545e+07 1.5858e+07 4.9472e+07 2.3902e+07 3.5452e+07 2.8005e+07 2.9463e+07 2.8915e+07 2.6502e+07 3.8582e+07 1.9040e+07 4.9472e+07 1.5858e+07
4.1500 2.6755e+07 1.4211e+07 4.6716e+07 1.5042e+07 4.5726e+07 2.2318e+07 3.2929e+07 2.6084e+07 2.7427e+07 2.7201e+07 2.4605e+07 3.5691e+07 1.7806e+07 4.5726e+07 1.5042e+07
4.2500 2.4927e+07 1.3490e+07 4.3210e+07 1.4259e+07 4.2296e+07 2.0850e+07 3.0602e+07 2.4308e+07 2.5546e+07 2.5583e+07 2.2862e+07 3.3044e+07 1.6659e+07 4.2296e+07 1.4259e+07
4.3500 2.3236e+07 1.2800e+07 3.9997e+07 1.3513e+07 3.9154e+07 1.9489e+07 2.8454e+07 2.2664e+07 2.3808e+07 2.4059e+07 2.1259e+07 3.0620e+07 1.5593e+07 3.9154e+07 1.3513e+07
4.4500 2.1672e+07 1.2141e+07 3.7050e+07 1.2801e+07 3.6274e+07 1.8226e+07 2.6467e+07 2.1143e+07 2.2202e+07 2.2627e+07 1.9785e+07 2.8398e+07 1.4602e+07 3.6274e+07 1.2801e+07
4.5500 2.0226e+07 1.1514e+07 3.4348e+07 1.2127e+07 3.3634e+07 1.7055e+07 2.4633e+07 1.9736e+07 2.0717e+07 2.1284e+07 1.8426e+07 2.6360e+07 1.3681e+07 3.3634e+07 1.2127e+07
4.6500 1.8888e+07 1.0920e+07 3.1869e+07 1.1489e+07 3.1211e+07 1.5967e+07 2.2943e+07 1.8433e+07 1.9344e+07 2.0025e+07 1.7174e+07 2.4487e+07 1.2825e+07 3.1211e+07 1.1489e+07
4.7500 1.7650e+07 1.0358e+07 2.9592e+07 1.0886e+07 2.8985e+07 1.4958e+07 2.1384e+07 1.7228e+07 1.8073e+07 1.8846e+07 1.6018e+07 2.2765e+07 1.2029e+07 2.8985e+07 1.0886e+07
4.8500 1.6504e+07 9.8251e+06 2.7499e+07 1.0317e+07 2.6940e+07 1.4020e+07 1.9944e+07 1.6111e+07 1.6897e+07 1.7742e+07 1.4950e+07 2.1180e+07 1.1289e+07 2.6940e+07 1.0317e+07
4.9500 1.5442e+07 9.3200e+06 2.5574e+07 9.7778e+06 2.5058e+07 1.3148e+07 1.8614e+07 1.5075e+07 1.5808e+07 1.6706e+07 1.3964e+07 1.9720e+07 1.0600e+07 2.5058e+07 9.7778e+06
5.0500 1.4457e+07 8.8415e+06 2.3803e+07 9.2679e+06 2.3325e+07 1.2338e+07 1.7385e+07 1.4115e+07 1.4799e+07 1.5736e+07 1.3052e+07 1.8375e+07 9.9592e+06 2.3325e+07 9.2679e+06
5.1500 1.3543e+07 8.3880e+06 2.2170e+07 8.7855e+06 2.1729e+07 1.1584e+07 1.6248e+07 1.3224e+07 1.3862e+07 1.4826e+07 1.2208e+07 1.7135e+07 9.3622e+06 2.1729e+07 8.7855e+06
5.2500 1.2696e+07 7.9582e+06 2.0666e+07 8.3289e+06 2.0258e+07 1.0883e+07 1.5196e+07 1.2397e+07 1.2994e+07 1.3972e+07 1.1426e+07 1.5990e+07 8.8057e+06 2.0258e+07 8.3289e+06
5.3500 1.1908e+07 7.5507e+06 1.9278e+07 7.8967e+06 1.8900e+07 1.0230e+07 1.4221e+07 1.1629e+07 1.2187e+07 1.3172e+07 1.0703e+07 1.4934e+07 8.2869e+06 1.8900e+07 7.8967e+06
5.4500 1.1177e+07 7.1645e+06 1.7997e+07 7.4875e+06 1.7647e+07 9.6215e+06 1.3317e+07 1.0916e+07 1.1438e+07 1.2420e+07 1.0032e+07 1.3958e+07 7.8029e+06 1.7647e+07 7.4875e+06
5.5500 1.0496e+07 6.7992e+06 1.6813e+07 7.1009e+06 1.6488e+07 9.0545e+06 1.2479e+07 1.0252e+07 1.0742e+07 1.1716e+07 9.4097e+06 1.3055e+07 7.3511e+06 1.6488e+07 7.1009e+06
5.6500 9.8634e+06 6.4539e+06 1.5718e+07 6.7358e+06 1.5418e+07 8.5254e+06 1.1702e+07 9.6335e+06 1.0093e+07 1.1055e+07 8.8316e+06 1.2219e+07 6.9289e+06 1.5418e+07 6.7358e+06
5.7500 9.2737e+06 6.1273e+06 1.4706e+07 6.3910e+06 1.4427e+07 8.0314e+06 1.0979e+07 9.0578e+06 9.4897e+06 1.0435e+07 8.2944e+06 1.1445e+07 6.5343e+06 1.4427e+07 6.3910e+06
5.8500 8.7243e+06 5.8185e+06 1.3768e+07 6.0653e+06 1.3509e+07 7.5701e+06 1.0308e+07 8.5214e+06 8.9273e+06 9.8535e+06 7.7948e+06 1.0727e+07 6.1654e+06 1.3509e+07 6.0653e+06
5.9500 8.2121e+06 5.5265e+06 1.2899e+07 5.7577e+06 1.2658e+07 7.1390e+06 9.6834e+06 8.0212e+06 8.4031e+06 9.3076e+06 7.3299e+06 1.0061e+07 5.8202e+06 1.2658e+07 5.7577e+06
6.0500 7.7343e+06 5.2504e+06 1.2092e+07 5.4670e+06 1.1868e+07 6.7359e+06 9.1023e+06 7.5545e+06 7.9141e+06 8.7950e+06 6.8970e+06 9.4426e+06 5.4971e+06 1.1868e+07 5.4670e+06
6.1500 7.2883e+06 4.9891e+06 1.1344e+07 5.1922e+06 1.1135e+07 6.3589e+06 8.5612e+06 7.1189e+06 7.4578e+06 8.3136e+06 6.4935e+06 8.8680e+06 5.1945e+06 1.1135e+07 5.1922e+06
6.2500 6.8718e+06 4.7224e+06 1.0648e+07 4.9110e+06 1.0454e+07 6.0060e+06 8.0570e+06 6.7120e+06 7.0316e+06 7.8614e+06 6.1173e+06 8.3337e+06 4.9110e+06 1.0454e+07 4.9325e+06
6.3500 6.4827e+06 4.4702e+06 1.0001e+07 4.6453e+06 9.8203e+06 5.6757e+06 7.5870e+06 6.3319e+06 6.6335e+06 7.4363e+06 5.7663e+06 7.8365e+06 4.6453e+06 9.8203e+06 4.6869e+06
6.4500 6.1189e+06 4.2335e+06 9.3997e+06 4.3961e+06 9.2307e+06 5.3662e+06 7.1485e+06 5.9764e+06 6.2614e+06 7.0367e+06 5.4386e+06 7.3735e+06 4.3961e+06 9.2307e+06 4.4547e+06
6.5500 5.7786e+06 4.0112e+06 8.8395e+06 4.1624e+06 8.6817e+06 5.0762e+06 6.7392e+06 5.6440e+06 5.9133e+06 6.6609e+06 5.1325e+06 6.9421e+06 4.1624e+06 8.6817e+06 4.2350e+06
6.6500 5.4602e+06 3.8023e+06 8.3175e+06 3.9429e+06 8.1702e+06 4.8042e+06 6.3569e+06 5.3328e+06 5.5875e+06 6.3074e+06 4.8463e+06 6.5399e+06 3.9429e+06 8.1702e+06 4.0272e+06
6.7500 5.1619e+06 3.6059e+06 7.8312e+06 3.7368e+06 7.6935e+06 4.5490e+06 5.9996e+06 5.0414e+06 5.2824e+06 5.9749e+06 4.5786e+06 6.1647e+06 3.7368e+06 7.6935e+06 3.8306e+06
6.8500 4.8824e+06 3.4211e+06 7.3778e+06 3.5430e+06 7.2490e+06 4.3094e+06 5.6654e+06 4.7682e+06 4.9966e+06 5.6619e+06 4.3281e+06 5.8145e+06 3.5430e+06 7.2490e+06 3.6446e+06
6.9500 4.6203e+06 3.2472e+06 6.9547e+06 3.3608e+06 6.8342e+06 4.0842e+06 5.3527e+06 4.5121e+06 4.7285e+06 5.3673e+06 4.0935e+06 5.4874e+06 3.3608e+06 6.8342e+06 3.4686e+06
7.0500 4.3744e+06 3.0835e+06 6.5597e+06 3.1894e+06 6.4468e+06 3.8727e+06 5.0598e+06 4.2718e+06 4.4770e+06 5.0899e+06 3.8735e+06 5.1817e+06 3.1894e+06 6.4468e+06 3.3020e+06
7.1500 4.1436e+06 2.9292e+06 6.1906e+06 3.0280e+06 6.0849e+06 3.6737e+06 4.7854e+06 4.0462e+06 4.2409e+06 4.8285e+06 3.6673e+06 4.8957e+06 3.0280e+06 6.0849e+06 3.1443e+06
7.2500 3.9268e+06 2.7838e+06 5.8455e+06 2.8761e+06 5.7465e+06 3.4866e+06 4.5282e+06 3.8344e+06 4.0192e+06 4.5821e+06 3.4738e+06 4.6280e+06 2.8761e+06 5.7465e+06 2.9949e+06
7.3500 3.7231e+06 2.6467e+06 5.5227e+06 2.7329e+06 5.4298e+06 3.3104e+06 4.2869e+06 3.6353e+06 3.8109e+06 4.3499e+06 3.2922e+06 4.3773e+06 2.7329e+06 5.4298e+06 2.8535e+06
7.4500 3.5316e+06 2.5174e+06 5.2205e+06 2.5979e+06 5.1333e+06 3.1444e+06 4.0605e+06 3.4482e+06 3.6150e+06 4.1308e+06 3.1216e+06 4.1423e+06 2.5979e+06 5.1333e+06 2.7195e+06
7.5500 3.3514e+06 2.3954e+06 4.9374e+06 2.4707e+06 4.8556e+06 2.9881e+06 3.8479e+06 3.2721e+06 3.4308e+06 3.9242e+06 2.9612e+06 3.9219e+06 2.4707e+06 4.8556e+06 2.5925e+06
7.6500 3.1819e+06 2.2802e+06 4.6721e+06 2.3506e+06 4.5952e+06 2.8408e+06 3.6481e+06 3.1064e+06 3.2574e+06 3.7291e+06 2.8104e+06 3.7151e+06 2.3506e+06 4.5952e+06 2.4722e+06
7.7500 3.0223e+06 2.1714e+06 4.4233e+06 2.2373e+06 4.3511e+06 2.7018e+06 3.4604e+06 2.9504e+06 3.0942e+06 3.5450e+06 2.6685e+06 3.5209e+06 2.2373e+06 4.3511e+06 2.3581e+06
7.8500 2.8720e+06 2.0686e+06 4.1898e+06 2.1304e+06 4.1219e+06 2.5707e+06 3.2838e+06 2.8035e+06 2.9404e+06 3.3711e+06 2.5350e+06 3.3385e+06 2.1304e+06 4.1219e+06 2.2499e+06
7.9500 2.7303e+06 1.9714e+06 3.9706e+06 2.0293e+06 3.9067e+06 2.4470e+06 3.1177e+06 2.6650e+06 2.7955e+06 3.2068e+06 2.4092e+06 3.1670e+06 2.0293e+06 3.9067e+06 2.1473e+06
8.0500 2.5967e+06 1.8795e+06 3.7647e+06 1.9338e+06 3.7045e+06 2.3301e+06 2.9614e+06 2.5345e+06 2.6589e+06 3.0515e+06 2.2907e+06 3.0057e+06 1.9338e+06 3.7045e+06 2.0500e+06
8.1500 2.4707e+06 1.7926e+06 3.5711e+06 1.8435e+06 3.5145e+06 2.2198e+06 2.8141e+06 2.4114e+06 2.5300e+06 2.9049e+06 2.1789e+06 2.8539e+06 1.8435e+06 3.5145e+06 1.9577e+06
8.2500 2.3518e+06 1.7103e+06 3.3891e+06 1.7582e+06 3.3358e+06 2.1155e+06 2.6754e+06 2.2952e+06 2.4084e+06 2.7663e+06 2.0736e+06 2.7112e+06 1.7582e+06 3.3358e+06 1.8702e+06
8.3500 2.2396e+06 1.6324e+06 3.2179e+06 1.6774e+06 3.1676e+06 2.0168e+06 2.5446e+06 2.1855e+06 2.2936e+06 2.6354e+06 1.9741e+06 2.5767e+06 1.6774e+06 3.1676e+06 1.7871e+06
8.4500 2.1335e+06 1.5586e+06 3.0567e+06 1.6008e+06 3.0092e+06 1.9235e+06 2.4213e+06 2.0819e+06 2.1852e+06 2.5115e+06 1.8802e+06 2.4500e+06 1.6008e+06 3.0092e+06 1.7082e+06
8.5500 2.0333e+06 1.4887e+06 2.9048e+06 1.5284e+06 2.8600e+06 1.8352e+06 2.3049e+06 1.9840e+06 2.0827e+06 2.3943e+06 1.7916e+06 2.3306e+06 1.5284e+06 2.8600e+06 1.6333e+06
8.6500 1.9386e+06 1.4224e+06 2.7618e+06 1.4598e+06 2.7194e+06 1.7517e+06 2.1950e+06 1.8914e+06 1.9858e+06 2.2834e+06 1.7078e+06 2.2180e+06 1.4598e+06 2.7194e+06 1.5621e+06
8.7500 1.8490e+06 1.3595e+06 2.6269e+06 1.3947e+06 2.5868e+06 1.6725e+06 2.0912e+06 1.8039e+06 1.8941e+06 2.1784e+06 1.6285e+06 2.1117e+06 1.3947e+06 2.5868e+06 1.4946e+06
8.8500 1.7642e+06 1.2999e+06 2.4996e+06 1.3330e+06 2.4617e+06 1.5975e+06 1.9931e+06 1.7210e+06 1.8074e+06 2.0789e+06 1.5535e+06 2.0114e+06 1.3330e+06 2.4617e+06 1.4303e+06
8.9500 1.6839e+06 1.2433e+06 2.3795e+06 1.2745e+06 2.3437e+06 1.5263e+06 1.9004e+06 1.6426e+06 1.7252e+06 1.9847e+06 1.4826e+06 1.9166e+06 1.2745e+06 2.3437e+06 1.3692e+06
9.0500 1.6079e+06 1.1895e+06 2.2661e+06 1.2189e+06 2.2322e+06 1.4589e+06 1.8127e+06 1.5683e+06 1.6474e+06 1.8954e+06 1.4154e+06 1.8271e+06 1.2189e+06 2.2322e+06 1.3111e+06
9.1500 1.5358e+06 1.1384e+06 2.1590e+06 1.1662e+06 2.1268e+06 1.3949e+06 1.7297e+06 1.4979e+06 1.5737e+06 1.8107e+06 1.3518e+06 1.7424e+06 1.1662e+06 2.1268e+06 1.2559e+06
9.2500 1.4675e+06 1.0899e+06 2.0577e+06 1.1161e+06 2.0273e+06 1.3342e+06 1.6511e+06 1.4312e+06 1.5038e+06 1.7304e+06 1.2915e+06 1.6623e+06 1.1161e+06 2.0273e+06 1.2033e+06
9.3500 1.4027e+06 1.0438e+06 1.9620e+06 1.0686e+06 1.9331e+06 1.2765e+06 1.5767e+06 1.3679e+06 1.4375e+06 1.6541e+06 1.2344e+06 1.5865e+06 1.0686e+06 1.9331e+06 1.1533e+06
9.4500 1.3413e+06 9.9996e+05 1.8715e+06 1.0233e+06 1.8441e+06 1.2217e+06 1.5062e+06 1.3079e+06 1.3747e+06 1.5818e+06 1.1802e+06 1.5148e+06 1.0233e+06 1.8441e+06 1.1056e+06
9.5500 1.2830e+06 9.5825e+05 1.7858e+06 9.8034e+05 1.7598e+06 1.1697e+06 1.4393e+06 1.2509e+06 1.3150e+06 1.5131e+06 1.1287e+06 1.4468e+06 9.8034e+05 1.7598e+06 1.0602e+06
9.6500 1.2276e+06 9.1856e+05 1.7047e+06 9.3946e+05 1.6800e+06 1.1202e+06 1.3759e+06 1.1968e+06 1.2583e+06 1.4478e+06 1.0799e+06 1.3824e+06 9.3946e+05 1.6800e+06 1.0170e+06
9.7500 1.1750e+06 8.8079e+05 1.6278e+06 9.0056e+05 1.6044e+06 1.0732e+06 1.3157e+06 1.1455e+06 1.2045e+06 1.3858e+06 1.0335e+06 1.3213e+06 9.0056e+05 1.6044e+06 9.7584e+05
9.8500 1.1250e+06 8.4482e+05 1.5550e+06 8.6353e+05 1.5328e+06 1.0284e+06 1.2587e+06 1.0967e+06 1.1534e+06 1.3269e+06 9.8951e+05 1.2634e+06 8.6353e+05 1.5328e+06 9.3660e+05
9.9500 1.0775e+06 8.1057e+05 1.4860e+06 8.2829e+05 1.4649e+06 9.8584e+05 1.2045e+06 1.0503e+06 1.1048e+06 1.2709e+06 9.4768e+05 1.2084e+06 8.2829e+05 1.4649e+06 8.9918e+05
10.0500 1.0324e+06 7.7793e+05 1.4206e+06 7.9472e+05 1.4005e+06 9.4533e+05 1.1530e+06 1.0062e+06 1.0585e+06 1.2176e+06 9.0791e+05 1.1562e+06 7.9472e+05 1.4005e+06 8.6350e+05
10.1500 9.8945e+05 7.4682e+05 1.3585e+06 7.6273e+05 1.3394e+06 9.0676e+05 1.1041e+06 9.6430e+05 1.0146e+06 1.1670e+06 8.7010e+05 1.1067e+06 7.6273e+05 1.3394e+06 8.2946e+05
10.2500 9.4860e+05 7.1716e+05 1.2996e+06 7.3225e+05 1.2814e+06 8.7003e+05 1.0577e+06 9.2442e+05 9.7278e+05 1.1188e+06 8.3413e+05 1.0597e+06 7.3225e+05 1.2814e+06 7.9699e+05
10.3500 9.0972e+05 6.8887e+05 1.2437e+06 7.0319e+05 1.2263e+06 8.3503e+05 1.0135e+06 8.8646e+05 9.3298e+05 1.0729e+06 7.9990e+05 1.0149e+06 7.0319e+05 1.2263e+06 7.6599e+05
10.4500 8.7271e+05 6.6188e+05 1.1906e+06 6.7547e+05 1.1740e+06 8.0168e+05 9.7146e+05 8.5033e+05 8.9508e+05 1.0292e+06 7.6732e+05 9.7242e+05 6.7547e+05 1.1740e+06 7.3639e+05
10.5500 8.3745e+05 6.3612e+05 1.1401e+06 6.4903e+05 1.1243e+06 7.6988e+05 9.3148e+05 8.1591e+05 8.5898e+05 9.8761e+05 7.3628e+05 9.3198e+05 6.4903e+05 1.1243e+06 7.0812e+05
10.6500 8.0385e+05 6.1153e+05 1.0921e+06 6.2379e+05 1.0771e+06 7.3954e+05 8.9342e+05 7.8312e+05 8.2458e+05 9.4795e+05 7.0672e+05 8.9351e+05 6.2379e+05 1.0771e+06 6.8111e+05
10.7500 7.7183e+05 5.8805e+05 1.0465e+06 5.9970e+05 1.0322e+06 7.1060e+05 8.5718e+05 7.5186e+05 7.9179e+05 9.1014e+05 6.7854e+05 8.5689e+05 5.9970e+05 1.0322e+06 6.5529e+05
10.8500 7.4130e+05 5.6562e+05 1.0031e+06 5.7670e+05 9.8942e+05 6.8298e+05 8.2265e+05 7.2206e+05 7.6052e+05 8.7408e+05 6.5168e+05 8.2202e+05 5.7670e+05 9.8942e+05 6.3062e+05
10.9500 7.1217e+05 5.4418e+05 9.6184e+05 5.5472e+05 9.4876e+05 6.5661e+05 7.8976e+05 6.9364e+05 7.3070e+05 8.3967e+05 6.2606e+05 7.8881e+05 5.5472e+05 9.4876e+05 6.0702e+05
11.0500 6.8438e+05 5.2369e+05 9.2255e+05 5.3372e+05 9.1005e+05 6.3143e+05 7.5840e+05 6.6652e+05 7.0223e+05 8.0684e+05 6.0161e+05 7.5717e+05 5.3372e+05 9.1005e+05 5.8445e+05
11.1500 6.5785e+05 5.0410e+05 8.8514e+05 5.1365e+05 8.7319e+05 6.0737e+05 7.2850e+05 6.4063e+05 6.7506e+05 7.7550e+05 5.7828e+05 7.2701e+05 5.1365e+05 8.7319e+05 5.6285e+05
11.2500 6.3252e+05 4.8537e+05 8.4950e+05 4.9446e+05 8.3808e+05 5.8437e+05 6.9998e+05 6.1592e+05 6.4912e+05 7.4557e+05 5.5601e+05 6.9826e+05 4.9446e+05 8.3808e+05 5.4218e+05
11.3500 6.0833e+05 4.6744e+05 8.1555e+05 4.7611e+05 8.0462e+05 5.6239e+05 6.7277e+05 5.9232e+05 6.2434e+05 7.1697e+05 5.3474e+05 6.7083e+05 4.7611e+05 8.0462e+05 5.2240e+05
11.4500 5.8522e+05 4.5029e+05 7.8319e+05 4.5855e+05 7.7273e+05 5.4137e+05 6.4680e+05 5.6976e+05 6.0066e+05 6.8965e+05 5.1442e+05 6.4467e+05 4.5855e+05 7.7273e+05 5.0345e+05
11.5500 5.6312e+05 4.3387e+05 7.5234e+05 4.4175e+05 7.4233e+05 5.2127e+05 6.2200e+05 5.4821e+05 5.7803e+05 6.6353e+05 4.9501e+05 6.1970e+05 4.4175e+05 7.4233e+05 4.8530e+05
11.6500 5.4200e+05 4.1816e+05 7.2291e+05 4.2567e+05 7.1332e+05 5.0203e+05 5.9831e+05 5.2761e+05 5.5640e+05 6.3855e+05 4.7644e+05 5.9586e+05 4.2567e+05 7.1332e+05 4.6792e+05
11.7500 5.2181e+05 4.0310e+05 6.9484e+05 4.1027e+05 6.8565e+05 4.8362e+05 5.7568e+05 5.0791e+05 5.3570e+05 6.1466e+05 4.5869e+05 5.7309e+05 4.1027e+05 6.8565e+05 4.5126e+05
11.8500 5.0248e+05 3.8868e+05 6.6805e+05 3.9553e+05 6.5924e+05 4.6599e+05 5.5406e+05 4.8906e+05 5.1591e+05 5.9181e+05 4.4172e+05 5.5134e+05 3.9553e+05 6.5924e+05 4.3528e+05
11.9500 4.8400e+05 3.7486e+05 6.4248e+05 3.8140e+05 6.3403e+05 4.4911e+05 5.3338e+05 4.7103e+05 4.9697e+05 5.6994e+05 4.2547e+05 5.3055e+05 3.8140e+05 6.3403e+05 4.1997e+05
12.0500 4.6631e+05 3.6162e+05 6.1804e+05 3.6787e+05 6.0993e+05 4.3295e+05 5.1361e+05 4.5378e+05 4.7884e+05 5.4901e+05 4.0993e+05 5.1069e+05 3.6787e+05 6.0993e+05 4.0528e+05
12.1500 4.4938e+05 3.4892e+05 5.9468e+05 3.5490e+05 5.8690e+05 4.1747e+05 4.9470e+05 4.3727e+05 4.6150e+05 5.2899e+05 3.9506e+05 4.9169e+05 3.5490e+05 5.8690e+05 3.9120e+05
12.2500 4.3317e+05 3.3674e+05 5.7235e+05 3.4246e+05 5.6488e+05 4.0264e+05 4.7661e+05 4.2146e+05 4.4488e+05 5.0981e+05 3.8082e+05 4.7352e+05 3.4246e+05 5.6488e+05 3.7768e+05
12.3500 4.1765e+05 3.2506e+05 5.5099e+05 3.3053e+05 5.4382e+05 3.8842e+05 4.5929e+05 4.0633e+05 4.2897e+05 4.9145e+05 3.6718e+05 4.5614e+05 3.3053e+05 5.4382e+05 3.6470e+05
12.4500 4.0278e+05 3.1386e+05 5.3057e+05 3.1909e+05 5.2368e+05 3.7479e+05 4.4271e+05 3.9183e+05 4.1373e+05 4.7387e+05 3.5411e+05 4.3951e+05 3.1909e+05 5.2368e+05 3.5225e+05
12.5500 3.8853e+05 3.0311e+05 5.1103e+05 3.0812e+05 5.0440e+05 3.6172e+05 4.2683e+05 3.7794e+05 3.9912e+05 4.5702e+05 3.4159e+05 4.2359e+05 3.0812e+05 5.0440e+05 3.4029e+05
12.6500 3.7487e+05 2.9278e+05 4.9232e+05 2.9758e+05 4.8595e+05 3.4919e+05 4.1162e+05 3.6462e+05 3.8512e+05 4.4086e+05 3.2959e+05 4.0834e+05 2.9758e+05 4.8595e+05 3.2880e+05
12.7500 3.6177e+05 2.8287e+05 4.7442e+05 2.8747e+05 4.6829e+05 3.3716e+05 3.9704e+05 3.5186e+05 3.7169e+05 4.2538e+05 3.1809e+05 3.9374e+05 2.8747e+05 4.6829e+05 3.1777e+05
12.8500 3.4921e+05 2.7335e+05 4.5727e+05 2.7776e+05 4.5138e+05 3.2562e+05 3.8307e+05 3.3961e+05 3.5882e+05 4.1053e+05 3.0705e+05 3.7975e+05 2.7776e+05 4.5138e+05 3.0716e+05
12.9500 3.3716e+05 2.6421e+05 4.4085e+05 2.6843e+05 4.3519e+05 3.1454e+05 3.6967e+05 3.2787e+05 3.4646e+05 3.9629e+05 2.9647e+05 3.6634e+05 2.6843e+05 4.3519e+05 2.9697e+05
13.0500 3.2560e+05 2.5542e+05 4.2512e+05 2.5947e+05 4.1967e+05 3.0391e+05 3.5682e+05 3.1660e+05 3.3461e+05 3.8262e+05 2.8631e+05 3.5349e+05 2.5947e+05 4.1967e+05 2.8717e+05
13.1500 3.1451e+05 2.4697e+05 4.1005e+05 2.5086e+05 4.0480e+05 2.9369e+05 3.4450e+05 3.0579e+05 3.2323e+05 3.6951e+05 2.7656e+05 3.4117e+05 2.5086e+05 4.0480e+05 2.7775e+05
13.2500 3.0385e+05 2.3886e+05 3.9560e+05 2.4258e+05 3.9054e+05 2.8388e+05 3.3267e+05 2.9541e+05 3.1230e+05 3.5692e+05 2.6720e+05 3.2935e+05 2.4258e+05 3.9054e+05 2.6869e+05
13.3500 2.9362e+05 2.3105e+05 3.8175e+05 2.3462e+05 3.7688e+05 2.7445e+05 3.2132e+05 2.8544e+05 3.0181e+05 3.4483e+05 2.5822e+05 3.1802e+05 2.3462e+05 3.7688e+05 2.5997e+05
13.4500 2.8380e+05 2.2354e+05 3.6846e+05 2.2697e+05 3.6377e+05 2.6538e+05 3.1043e+05 2.7587e+05 2.9173e+05 3.3322e+05 2.4958e+05 3.0714e+05 2.2697e+05 3.6377e+05 2.5159e+05
13.5500 2.7435e+05 2.1632e+05 3.5572e+05 2.1961e+05 3.5120e+05 2.5667e+05 2.9996e+05 2.6667e+05 2.8204e+05 3.2207e+05 2.4129e+05 2.9670e+05 2.1961e+05 3.5120e+05 2.4352e+05
13.6500 2.6528e+05 2.0937e+05 3.4349e+05 2.1253e+05 3.3914e+05 2.4829e+05 2.8991e+05 2.5783e+05 2.7273e+05 3.1135e+05 2.3332e+05 2.8668e+05 2.1253e+05 3.3914e+05 2.3574e+05
13.7500 2.5656e+05 2.0268e+05 3.3176e+05 2.0572e+05 3.2757e+05 2.4023e+05 2.8025e+05 2.4934e+05 2.6379e+05 3.0105e+05 2.2565e+05 2.7706e+05 2.0572e+05 3.2757e+05 2.2826e+05
13.8500 2.4818e+05 1.9624e+05 3.2050e+05 1.9916e+05 3.1646e+05 2.3248e+05 2.7097e+05 2.4117e+05 2.5518e+05 2.9115e+05 2.1829e+05 2.6781e+05 1.9916e+05 3.1646e+05 2.2106e+05
13.9500 2.4011e+05 1.9004e+05 3.0969e+05 1.9285e+05 3.0579e+05 2.2502e+05 2.6205e+05 2.3332e+05 2.4691e+05 2.8163e+05 2.1120e+05 2.5894e+05 1.9285e+05 3.0579e+05 2.1412e+05
14.0500 2.3235e+05 1.8407e+05 2.9931e+05 1.8677e+05 2.9555e+05 2.1784e+05 2.5348e+05 2.2576e+05 2.3895e+05 2.7247e+05 2.0439e+05 2.5040e+05 1.8677e+05 2.9555e+05 2.0744e+05
14.1500 2.2489e+05 1.7832e+05 2.8934e+05 1.8092e+05 2.8571e+05 2.1093e+05 2.4523e+05 2.1849e+05 2.3129e+05 2.6366e+05 1.9783e+05 2.4220e+05 1.8092e+05 2.8571e+05 2.0100e+05
14.2500 2.1771e+05 1.7277e+05 2.7976e+05 1.7528e+05 2.7626e+05 2.0427e+05 2.3730e+05 2.1150e+05 2.2392e+05 2.5519e+05 1.9152e+05 2.3432e+05 1.7528e+05 2.7626e+05 1.9479e+05
14.3500 2.1079e+05 1.6743e+05 2.7056e+05 1.6985e+05 2.6718e+05 1.9786e+05 2.2966e+05 2.0477e+05 2.1682e+05 2.4703e+05 1.8544e+05 2.2674e+05 1.6985e+05 2.6718e+05 1.8881e+05
14.4500 2.0414e+05 1.6229e+05 2.6171e+05 1.6461e+05 2.5845e+05 1.9169e+05 2.2232e+05 1.9829e+05 2.0999e+05 2.3917e+05 1.7960e+05 2.1945e+05 1.6461e+05 2.5845e+05 1.8304e+05
14.5500 1.9773e+05 1.5733e+05 2.5320e+05 1.5956e+05 2.5006e+05 1.8574e+05 2.1525e+05 1.9205e+05 2.0341e+05 2.3161e+05 1.7396e+05 2.1244e+05 1.5956e+05 2.5006e+05 1.7748e+05
14.6500 1.9155e+05 1.5254e+05 2.4502e+05 1.5470e+05 2.4198e+05 1.8001e+05 2.0844e+05 1.8604e+05 1.9707e+05 2.2433e+05 1.6854e+05 2.0568e+05 1.5470e+05 2.4198e+05 1.7212e+05
14.7500 1.8560e+05 1.4793e+05 2.3714e+05 1.5001e+05 2.3421e+05 1.7448e+05 2.0188e+05 1.8025e+05 1.9096e+05 2.1731e+05 1.6331e+05 1.9918e+05 1.5001e+05 2.3421e+05 1.6695e+05
14.8500 1.7987e+05 1.4348e+05 2.2956e+05 1.4549e+05 2.2673e+05 1.6916e+05 1.9557e+05 1.7467e+05 1.8508e+05 2.1056e+05 1.5828e+05 1.9291e+05 1.4549e+05 2.2673e+05 1.6195e+05
14.9500 1.7435e+05 1.3919e+05 2.2227e+05 1.4112e+05 2.1953e+05 1.6402e+05 1.8949e+05 1.6929e+05 1.7940e+05 2.0404e+05 1.5342e+05 1.8688e+05 1.4112e+05 2.1953e+05 1.5714e+05
15.0500 1.6902e+05 1.3505e+05 2.1524e+05 1.3691e+05 2.1260e+05 1.5907e+05 1.8363e+05 1.6411e+05 1.7394e+05 1.9776e+05 1.4874e+05 1.8106e+05 1.3691e+05 2.1260e+05 1.5249e+05
15.1500 1.6389e+05 1.3105e+05 2.0848e+05 1.3285e+05 2.0592e+05 1.5429e+05 1.7799e+05 1.5911e+05 1.6866e+05 1.9171e+05 1.4423e+05 1.7546e+05 1.3285e+05 2.0592e+05 1.4800e+05
15.2500 1.5894e+05 1.2719e+05 2.0196e+05 1.2893e+05 1.9949e+05 1.4968e+05 1.7254e+05 1.5429e+05 1.6358e+05 1.8588e+05 1.3988e+05 1.7006e+05 1.2893e+05 1.9949e+05 1.4367e+05
15.3500 1.5416e+05 1.2347e+05 1.9568e+05 1.2514e+05 1.9329e+05 1.4523e+05 1.6730e+05 1.4965e+05 1.5867e+05 1.8025e+05 1.3568e+05 1.6486e+05 1.2514e+05 1.9329e+05 1.3948e+05
15.4500 1.4955e+05 1.1987e+05 1.8963e+05 1.2149e+05 1.8732e+05 1.4093e+05 1.6224e+05 1.4516e+05 1.5394e+05 1.7482e+05 1.3163e+05 1.5984e+05 1.2149e+05 1.8732e+05 1.3544e+05
15.5500 1.4510e+05 1.1639e+05 1.8380e+05 1.1796e+05 1.8156e+05 1.3678e+05 1.5736e+05 1.4084e+05 1.4937e+05 1.6958e+05 1.2772e+05 1.5500e+05 1.1796e+05 1.8156e+05 1.3153e+05
15.6500 1.4081e+05 1.1304e+05 1.7818e+05 1.1455e+05 1.7601e+05 1.3278e+05 1.5265e+05 1.3666e+05 1.4496e+05 1.6453e+05 1.2395e+05 1.5033e+05 1.1455e+05 1.7601e+05 1.2776e+05
15.7500 1.3667e+05 1.0979e+05 1.7276e+05 1.1126e+05 1.7066e+05 1.2891e+05 1.4811e+05 1.3263e+05 1.4071e+05 1.5965e+05 1.2031e+05 1.4582e+05 1.1126e+05 1.7066e+05 1.2411e+05
15.8500 1.3267e+05 1.0666e+05 1.6753e+05 1.0807e+05 1.6550e+05 1.2518e+05 1.4373e+05 1.2874e+05 1.3660e+05 1.5494e+05 1.1679e+05 1.4147e+05 1.0807e+05 1.6550e+05 1.2059e+05
15.9500 1.2880e+05 1.0363e+05 1.6249e+05 1.0500e+05 1.6052e+05 1.2157e+05 1.3950e+05 1.2498e+05 1.3263e+05 1.5039e+05 1.1340e+05 1.3728e+05 1.0500e+05 1.6052e+05 1.1718e+05
16.0500 1.2507e+05 1.0070e+05 1.5763e+05 1.0202e+05 1.5572e+05 1.1808e+05 1.3542e+05 1.2135e+05 1.2879e+05 1.4600e+05 1.1012e+05 1.3323e+05 1.0202e+05 1.5572e+05 1.1389e+05
16.1500 1.2147e+05 9.7869e+04 1.5294e+05 9.9148e+04 1.5108e+05 1.1472e+05 1.3147e+05 1.1785e+05 1.2509e+05 1.4176e+05 1.0695e+05 1.2932e+05 9.9148e+04 1.5108e+05 1.1070e+05
16.2500 1.1799e+05 9.5131e+04 1.4841e+05 9.6368e+04 1.4661e+05 1.1146e+05 1.2767e+05 1.1446e+05 1.2151e+05 1.3766e+05 1.0389e+05 1.2554e+05 9.6368e+04 1.4661e+05 1.0762e+05
16.3500 1.1462e+05 9.2482e+04 1.4404e+05 9.3680e+04 1.4230e+05 1.0831e+05 1.2399e+05 1.1119e+05 1.1805e+05 1.3370e+05 1.0093e+05 1.2190e+05 9.3680e+04 1.4230e+05 1.0463e+05
16.4500 1.1137e+05 8.9919e+04 1.3982e+05 9.1080e+04 1.3813e+05 1.0526e+05 1.2044e+05 1.0802e+05 1.1471e+05 1.2988e+05 9.8067e+04 1.1838e+05 9.1080e+04 1.3813e+05 1.0175e+05
16.5500 1.0822e+05 8.7440e+04 1.3575e+05 8.8564e+04 1.3410e+05 1.0232e+05 1.1701e+05 1.0497e+05 1.1148e+05 1.2618e+05 9.5302e+04 1.1498e+05 8.8564e+04 1.3410e+05 9.8956e+04
16.6500 1.0518e+05 8.5041e+04 1.3181e+05 8.6129e+04 1.3022e+05 9.9472e+04 1.1369e+05 1.0201e+05 1.0835e+05 1.2261e+05 9.2629e+04 1.1169e+05 8.6129e+04 1.3022e+05 9.6253e+04
16.7500 1.0224e+05 8.2719e+04 1.2801e+05 8.3773e+04 1.2646e+05 9.6717e+04 1.1049e+05 9.9150e+04 1.0533e+05 1.1915e+05 9.0043e+04 1.0851e+05 8.3773e+04 1.2646e+05 9.3637e+04
16.8500 9.9395e+04 8.0471e+04 1.2434e+05 8.1492e+04 1.2284e+05 9.4051e+04 1.0739e+05 9.6385e+04 1.0240e+05 1.1581e+05 8.7542e+04 1.0544e+05 8.1492e+04 1.2284e+05 9.1104e+04
16.9500 9.6643e+04 7.8295e+04 1.2080e+05 7.9285e+04 1.1933e+05 9.1471e+04 1.0440e+05 9.3710e+04 9.9575e+04 1.1258e+05 8.5123e+04 1.0248e+05 7.9285e+04 1.1933e+05 8.8651e+04
17.0500 9.3981e+04 7.6187e+04 1.1737e+05 7.7147e+04 1.1594e+05 8.8974e+04 1.0150e+05 9.1123e+04 9.6838e+04 1.0945e+05 8.2782e+04 9.9606e+04 7.7147e+04 1.1594e+05 8.6275e+04
17.1500 9.1404e+04 7.4146e+04 1.1406e+05 7.5077e+04 1.1267e+05 8.6557e+04 9.8701e+04 8.8619e+04 9.4190e+04 1.0642e+05 8.0516e+04 9.6831e+04 7.5077e+04 1.1267e+05 8.3973e+04
17.2500 8.8911e+04 7.2169e+04 1.1086e+05 7.3072e+04 1.0950e+05 8.4217e+04 9.5993e+04 8.6196e+04 9.1626e+04 1.0349e+05 7.8324e+04 9.4148e+04 7.3072e+04 1.0950e+05 8.1744e+04
17.3500 8.6497e+04 7.0253e+04 1.0776e+05 7.1129e+04 1.0644e+05 8.1951e+04 9.3373e+04 8.3850e+04 8.9144e+04 1.0066e+05 7.6201e+04 9.1552e+04 7.1129e+04 1.0644e+05 7.9584e+04
17.4500 8.4160e+04 6.8398e+04 1.0477e+05 6.9247e+04 1.0348e+05 7.9756e+04 9.0838e+04 8.1579e+04 8.6741e+04 9.7918e+04 7.4146e+04 8.9041e+04 6.9247e+04 1.0348e+05 7.7490e+04
17.5500 8.1897e+04 6.6599e+04 1.0187e+05 6.7423e+04 1.0062e+05 7.7630e+04 8.8385e+04 7.9381e+04 8.4414e+04 9.5263e+04 7.2156e+04 8.6612e+04 6.7423e+04 1.0062e+05 7.5461e+04
17.6500 7.9706e+04 6.4856e+04 9.9074e+04 6.5656e+04 9.7854e+04 7.5570e+04 8.6011e+04 7.7251e+04 8.2160e+04 9.2692e+04 7.0228e+04 8.4260e+04 6.5656e+04 9.7854e+04 7.3494e+04
17.7500 7.7583e+04 6.3166e+04 9.6364e+04 6.3943e+04 9.5174e+04 7.3575e+04 8.3713e+04 7.5189e+04 7.9977e+04 9.0202e+04 6.8361e+04 8.1983e+04 6.3943e+04 9.5174e+04 7.1588e+04
17.8500 7.5526e+04 6.1528e+04 9.3742e+04 6.2283e+04 9.2580e+04 7.1641e+04 8.1488e+04 7.3191e+04 7.7862e+04 8.7791e+04 6.6552e+04 7.9779e+04 6.2283e+04 9.2580e+04 6.9739e+04
17.9500 7.3534e+04 5.9940e+04 9.1204e+04 6.0673e+04 9.0069e+04 6.9767e+04 7.9333e+04 7.1256e+04 7.5813e+04 8.5455e+04 6.4800e+04 7.7644e+04 6.0673e+04 9.0069e+04 6.7947e+04
18.0500 7.1603e+04 5.8401e+04 8.8747e+04 5.9112e+04 8.7638e+04 6.7950e+04 7.7247e+04 6.9381e+04 7.3827e+04 8.3192e+04 6.3102e+04 7.5576e+04 5.9112e+04 8.7638e+04 6.6208e+04
18.1500 6.9732e+04 5.6907e+04 8.6368e+04 5.7599e+04 8.5284e+04 6.6188e+04 7.5226e+04 6.7563e+04 7.1902e+04 8.0999e+04 6.1455e+04 7.3572e+04 5.7599e+04 8.5284e+04 6.4522e+04
18.2500 6.7918e+04 5.5459e+04 8.4064e+04 5.6131e+04 8.3004e+04 6.4481e+04 7.3268e+04 6.5801e+04 7.0036e+04 7.8874e+04 5.9860e+04 7.1631e+04 5.6131e+04 8.3004e+04 6.2886e+04
18.3500 6.6159e+04 5.4053e+04 8.1832e+04 5.4706e+04 8.0795e+04 6.2824e+04 7.1370e+04 6.4094e+04 6.8226e+04 7.6814e+04 5.8312e+04 6.9750e+04 5.4706e+04 8.0795e+04 6.1299e+04
18.4500 6.4454e+04 5.2690e+04 7.9670e+04 5.3325e+04 7.8656e+04 6.1218e+04 6.9531e+04 6.2438e+04 6.6472e+04 7.4817e+04 5.6812e+04 6.7927e+04 5.3325e+04 7.8656e+04 5.9759e+04
18.5500 6.2801e+04 5.1367e+04 7.7576e+04 5.1984e+04 7.6583e+04 5.9660e+04 6.7748e+04 6.0832e+04 6.4771e+04 7.2881e+04 5.5358e+04 6.6159e+04 5.1984e+04 7.6583e+04 5.8264e+04
18.6500 6.1197e+04 5.0082e+04 7.5546e+04 5.0683e+04 7.4574e+04 5.8148e+04 6.6020e+04 5.9275e+04 6.3120e+04 7.1003e+04 5.3946e+04 6.4446e+04 5.0683e+04 7.4574e+04 5.6813e+04
18.7500 5.9641e+04 4.8836e+04 7.3579e+04 4.9420e+04 7.2627e+04 5.6682e+04 6.4344e+04 5.7765e+04 6.1520e+04 6.9183e+04 5.2578e+04 6.2784e+04 4.9420e+04 7.2627e+04 5.5405e+04
18.8500 5.8132e+04 4.7626e+04 7.1673e+04 4.8194e+04 7.0739e+04 5.5258e+04 6.2719e+04 5.6300e+04 5.9966e+04 6.7417e+04 5.1250e+04 6.1173e+04 4.8194e+04 7.0739e+04 5.4037e+04
18.9500 5.6668e+04 4.6451e+04 6.9824e+04 4.7004e+04 6.8910e+04 5.3877e+04 6.1143e+04 5.4878e+04 5.8459e+04 6.5704e+04 4.9961e+04 5.9611e+04 4.7004e+04 6.8910e+04 5.2709e+04
19.0500 5.5247e+04 4.5310e+04 6.8032e+04 4.5848e+04 6.7135e+04 5.2536e+04 5.9613e+04 5.3499e+04 5.6996e+04 6.4042e+04 4.8710e+04 5.8095e+04 4.5848e+04 6.7135e+04 5.1419e+04
19.1500 5.3868e+04 4.4202e+04 6.6294e+04 4.4726e+04 6.5414e+04 5.1234e+04 5.8129e+04 5.2160e+04 5.5577e+04 6.2429e+04 4.7497e+04 5.6624e+04 4.4726e+04 6.5414e+04 5.0166e+04
19.2500 5.2529e+04 4.3126e+04 6.4608e+04 4.3636e+04 6.3746e+04 4.9970e+04 5.6689e+04 5.0861e+04 5.4199e+04 6.0864e+04 4.6318e+04 5.5198e+04 4.3636e+04 6.3746e+04 4.8949e+04
19.3500 5.1229e+04 4.2081e+04 6.2973e+04 4.2577e+04 6.2127e+04 4.8743e+04 5.5292e+04 4.9599e+04 5.2861e+04 5.9345e+04 4.5174e+04 5.3813e+04 4.2577e+04 6.2127e+04 4.7767e+04
19.4500 4.9967e+04 4.1065e+04 6.1386e+04 4.1548e+04 6.0556e+04 4.7551e+04 5.3935e+04 4.8375e+04 5.1561e+04 5.7871e+04 4.4064e+04 5.2469e+04 4.1548e+04 6.0556e+04 4.6618e+04
19.5500 4.8742e+04 4.0078e+04 5.9847e+04 4.0549e+04 5.9032e+04 4.6393e+04 5.2617e+04 4.7186e+04 5.0300e+04 5.6440e+04 4.2985e+04 5.1164e+04 4.0549e+04 5.9032e+04 4.5502e+04
19.6500 4.7552e+04 3.9119e+04 5.8353e+04 3.9578e+04 5.7553e+04 4.5269e+04 5.1338e+04 4.6031e+04 4.9074e+04 5.5050e+04 4.1938e+04 4.9898e+04 3.9578e+04 5.7553e+04 4.4416e+04
19.7500 4.6396e+04 3.8187e+04 5.6903e+04 3.8634e+04 5.6117e+04 4.4176e+04 5.0095e+04 4.4910e+04 4.7884e+04 5.3700e+04 4.0920e+04 4.8668e+04 3.8634e+04 5.6117e+04 4.3361e+04
19.8500 4.5273e+04 3.7281e+04 5.5496e+04 3.7716e+04 5.4724e+04 4.3115e+04 4.8888e+04 4.3820e+04 4.6728e+04 5.2389e+04 3.9931e+04 4.7474e+04 3.7716e+04 5.4724e+04 4.2336e+04
19.9500 4.4182e+04 3.6400e+04 5.4129e+04 3.6824e+04 5.3371e+04 4.2083e+04 4.7716e+04 4.2762e+04 4.5604e+04 5.1116e+04 3.8971e+04 4.6314e+04 3.6824e+04 5.3371e+04 4.1338e+04
20.0500 4.3122e+04 3.5543e+04 5.2802e+04 3.5957e+04 5.2058e+04 4.1080e+04 4.6577e+04 4.1734e+04 4.4512e+04 4.9880e+04 3.8038e+04 4.5188e+04 3.5957e+04 5.2058e+04 4.0369e+04
20.1500 4.2092e+04 3.4711e+04 5.1514e+04 3.5114e+04 5.0782e+04 4.0106e+04 4.5470e+04 4.0735e+04 4.3451e+04 4.8678e+04 3.7131e+04 4.4094e+04 3.5114e+04 5.0782e+04 3.9426e+04
20.2500 4.1091e+04 3.3901e+04 5.0262e+04 3.4294e+04 4.9543e+04 3.9158e+04 4.4394e+04 3.9764e+04 4.2420e+04 4.7511e+04 3.6249e+04 4.3031e+04 3.4294e+04 4.9543e+04 3.8508e+04
20.3500 4.0118e+04 3.3113e+04 4.9046e+04 3.3496e+04 4.8340e+04 3.8238e+04 4.3348e+04 3.8820e+04 4.1417e+04 4.6376e+04 3.5392e+04 4.1998e+04 3.3496e+04 4.8340e+04 3.7616e+04
20.4500 3.9172e+04 3.2347e+04 4.7865e+04 3.2720e+04 4.7171e+04 3.7342e+04 4.2331e+04 3.7903e+04 4.0443e+04 4.5274e+04 3.4559e+04 4.0994e+04 3.2720e+04 4.7171e+04 3.6748e+04
20.5500 3.8253e+04 3.1601e+04 4.6717e+04 3.1965e+04 4.6035e+04 3.6471e+04 4.1342e+04 3.7011e+04 3.9495e+04 4.4202e+04 3.3749e+04 4.0018e+04 3.1965e+04 4.6035e+04 3.5903e+04
20.6500 3.7358e+04 3.0876e+04 4.5602e+04 3.1231e+04 4.4931e+04 3.5624e+04 4.0381e+04 3.6144e+04 3.8573e+04 4.3160e+04 3.2961e+04 3.9070e+04 3.1231e+04 4.4931e+04 3.5081e+04
20.7500 3.6489e+04 3.0170e+04 4.4518e+04 3.0516e+04 4.3859e+04 3.4800e+04 3.9446e+04 3.5301e+04 3.7677e+04 4.2148e+04 3.2195e+04 3.8148e+04 3.0516e+04 4.3859e+04 3.4281e+04
20.8500 3.5643e+04 2.9483e+04 4.3464e+04 2.9821e+04 4.2816e+04 3.3999e+04 3.8536e+04 3.4481e+04 3.6805e+04 4.1163e+04 3.1450e+04 3.7252e+04 2.9821e+04 4.2816e+04 3.3503e+04
20.9500 3.4820e+04 2.8814e+04 4.2440e+04 2.9144e+04 4.1803e+04 3.3219e+04 3.7651e+04 3.3684e+04 3.5957e+04 4.0205e+04 3.0725e+04 3.6380e+04 2.9144e+04 4.1803e+04 3.2745e+04
21.0500 3.4020e+04 2.8164e+04 4.1444e+04 2.8486e+04 4.0818e+04 3.2461e+04 3.6790e+04 3.2908e+04 3.5132e+04 3.9274e+04 3.0020e+04 3.5532e+04 2.8486e+04 4.0818e+04 3.2007e+04
21.1500 3.3241e+04 2.7530e+04 4.0476e+04 2.7844e+04 3.9860e+04 3.1723e+04 3.5952e+04 3.2154e+04 3.4330e+04 3.8368e+04 2.9334e+04 3.4708e+04 2.7844e+04 3.9860e+04 3.1288e+04
21.2500 3.2484e+04 2.6913e+04 3.9534e+04 2.7220e+04 3.8928e+04 3.1004e+04 3.5136e+04 3.1419e+04 3.3548e+04 3.7487e+04 2.8667e+04 3.3906e+04 2.7220e+04 3.8928e+04 3.0589e+04
21.3500 3.1746e+04 2.6313e+04 3.8617e+04 2.6612e+04 3.8022e+04 3.0305e+04 3.4342e+04 3.0705e+04 3.2788e+04 3.6630e+04 2.8017e+04 3.3126e+04 2.6612e+04 3.8022e+04 2.9907e+04
21.4500 3.1029e+04 2.5728e+04 3.7726e+04 2.6020e+04 3.7142e+04 2.9624e+04 3.3569e+04 3.0010e+04 3.2048e+04 3.5796e+04 2.7385e+04 3.2367e+04 2.6020e+04 3.7142e+04 2.9244e+04
21.5500 3.0330e+04 2.5158e+04 3.6859e+04 2.5443e+04 3.6284e+04 2.8961e+04 3.2815e+04 2.9333e+04 3.1328e+04 3.4983e+04 2.6769e+04 3.1628e+04 2.5443e+04 3.6284e+04 2.8598e+04
21.6500 2.9650e+04 2.4603e+04 3.6014e+04 2.4882e+04 3.5450e+04 2.8316e+04 3.2080e+04 2.8673e+04 3.0626e+04 3.4193e+04 2.6170e+04 3.0910e+04 2.4882e+04 3.5450e+04 2.7968e+04
21.7500 2.8988e+04 2.4063e+04 3.5192e+04 2.4335e+04 3.4639e+04 2.7687e+04 3.1363e+04 2.8032e+04 2.9943e+04 3.3423e+04 2.5586e+04 3.0210e+04 2.4335e+04 3.4639e+04 2.7355e+04
21.8500 2.8342e+04 2.3536e+04 3.4392e+04 2.3802e+04 3.3850e+04 2.7075e+04 3.0665e+04 2.7406e+04 2.9278e+04 3.2673e+04 2.5017e+04 2.9529e+04 2.3802e+04 3.3850e+04 2.6757e+04
21.9500 2.7714e+04 2.3023e+04 3.3613e+04 2.3283e+04 3.3081e+04 2.6478e+04 2.9984e+04 2.6798e+04 2.8630e+04 3.1943e+04 2.4463e+04 2.8866e+04 2.3283e+04 3.3081e+04 2.6175e+04
22.0500 2.7102e+04 2.2523e+04 3.2854e+04 2.2777e+04 3.2333e+04 2.5896e+04 2.9320e+04 2.6205e+04 2.7998e+04 3.1232e+04 2.3924e+04 2.8220e+04 2.2777e+04 3.2333e+04 2.5608e+04
22.1500 2.6506e+04 2.2036e+04 3.2115e+04 2.2284e+04 3.1605e+04 2.5330e+04 2.8672e+04 2.5627e+04 2.7384e+04 3.0539e+04 2.3398e+04 2.7591e+04 2.2284e+04 3.1605e+04 2.5055e+04
22.2500 2.5925e+04 2.1561e+04 3.1396e+04 2.1803e+04 3.0896e+04 2.4778e+04 2.8041e+04 2.5064e+04 2.6784e+04 2.9864e+04 2.2886e+04 2.6979e+04 2.1803e+04 3.0896e+04 2.4516e+04
22.3500 2.5359e+04 2.1098e+04 3.0695e+04 2.1335e+04 3.0206e+04 2.4240e+04 2.7425e+04 2.4516e+04 2.6201e+04 2.9207e+04 2.2387e+04 2.6383e+04 2.1335e+04 3.0206e+04 2.3991e+04
22.4500 2.4807e+04 2.0647e+04 3.0012e+04 2.0878e+04 2.9534e+04 2.3716e+04 2.6824e+04 2.3982e+04 2.5632e+04 2.8566e+04 2.1901e+04 2.5802e+04 2.0878e+04 2.9534e+04 2.3479e+04
22.5500 2.4270e+04 2.0207e+04 2.9347e+04 2.0433e+04 2.8879e+04 2.3205e+04 2.6239e+04 2.3461e+04 2.5077e+04 2.7942e+04 2.1427e+04 2.5236e+04 2.0433e+04 2.8879e+04 2.2979e+04
22.6500 2.3746e+04 1.9778e+04 2.8699e+04 1.9999e+04 2.8242e+04 2.2706e+04 2.5667e+04 2.2953e+04 2.4537e+04 2.7334e+04 2.0965e+04 2.4685e+04 1.9999e+04 2.8242e+04 2.2493e+04
22.7500 2.3235e+04 1.9360e+04 2.8068e+04 1.9576e+04 2.7621e+04 2.2221e+04 2.5110e+04 2.2459e+04 2.4010e+04 2.6741e+04 2.0515e+04 2.4148e+04 1.9576e+04 2.7621e+04 2.2018e+04
22.8500 2.2737e+04 1.8952e+04 2.7452e+04 1.9163e+04 2.7016e+04 2.1747e+04 2.4566e+04 2.1976e+04 2.3497e+04 2.6163e+04 2.0076e+04 2.3624e+04 1.9163e+04 2.7016e+04 2.1555e+04
22.9500 2.2252e+04 1.8554e+04 2.6853e+04 1.8761e+04 2.6426e+04 2.1285e+04 2.4036e+04 2.1506e+04 2.2996e+04 2.5600e+04 1.9648e+04 2.3114e+04 1.8761e+04 2.6426e+04 2.1103e+04
23.0500 2.1778e+04 1.8166e+04 2.6268e+04 1.8368e+04 2.5852e+04 2.0835e+04 2.3519e+04 2.1048e+04 2.2508e+04 2.5050e+04 1.9231e+04 2.2617e+04 1.8368e+04 2.5852e+04 2.0663e+04
23.1500 2.1317e+04 1.7787e+04 2.5698e+04 1.7985e+04 2.5293e+04 2.0396e+04 2.3014e+04 2.0601e+04 2.2032e+04 2.4515e+04 1.8824e+04 2.2132e+04 1.7985e+04 2.5293e+04 2.0233e+04
23.2500 2.0867e+04 1.7418e+04 2.5143e+04 1.7612e+04 2.4747e+04 1.9968e+04 2.2521e+04 2.0165e+04 2.1568e+04 2.3993e+04 1.8427e+04 2.1660e+04 1.7612e+04 2.4747e+04 1.9814e+04
23.3500 2.0428e+04 1.7057e+04 2.4602e+04 1.7247e+04 2.4216e+04 1.9550e+04 2.2041e+04 1.9740e+04 2.1115e+04 2.3484e+04 1.8040e+04 2.1199e+04 1.7247e+04 2.4216e+04 1.9405e+04
23.4500 2.0000e+04 1.6706e+04 2.4074e+04 1.6892e+04 2.3697e+04 1.9142e+04 2.1572e+04 1.9326e+04 2.0673e+04 2.2987e+04 1.7663e+04 2.0750e+04 1.6892e+04 2.3697e+04 1.9006e+04
23.5500 1.9582e+04 1.6363e+04 2.3559e+04 1.6545e+04 2.3192e+04 1.8744e+04 2.1114e+04 1.8922e+04 2.0242e+04 2.2503e+04 1.7294e+04 2.0312e+04 1.6545e+04 2.3192e+04 1.8616e+04
23.6500 1.9175e+04 1.6028e+04 2.3057e+04 1.6206e+04 2.2700e+04 1.8356e+04 2.0668e+04 1.8527e+04 1.9822e+04 2.2031e+04 1.6935e+04 1.9885e+04 1.6206e+04 2.2700e+04 1.8236e+04
23.7500 1.8777e+04 1.5701e+04 2.2568e+04 1.5876e+04 2.2219e+04 1.7978e+04 2.0232e+04 1.8142e+04 1.9412e+04 2.1570e+04 1.6585e+04 1.9468e+04 1.5876e+04 2.2219e+04 1.7865e+04
23.8500 1.8390e+04 1.5382e+04 2.2090e+04 1.5553e+04 2.1751e+04 1.7608e+04 1.9807e+04 1.7767e+04 1.9012e+04 2.1121e+04 1.6243e+04 1.9062e+04 1.5553e+04 2.1751e+04 1.7503e+04
23.9500 1.8011e+04 1.5071e+04 2.1624e+04 1.5238e+04 2.1294e+04 1.7248e+04 1.9392e+04 1.7400e+04 1.8621e+04 2.0682e+04 1.5909e+04 1.8666e+04 1.5238e+04 2.1294e+04 1.7150e+04