# Job started on: Thu Oct 30 14:02:51 CET 2025 .............
# FONLL heavy quark hadroproduction cross section, calculated on Thu Oct 30 14:04:52 CET 2025
# FONLL version and perturbative order: ## FONLL v1.4.0 fonll [ds/dpt^2dy (pb/GeV^2)]
# quark = charm
# final state = meson (meson = 0.7 D0 + 0.3 D+). NP params (cm,lm,hm) = 0.1, 0.06, 0.135
# BR(q->meson) = 1
# ebeam1 = 2680, ebeam2 = 2680
# PDF set = NNPDF30_nlo_as_0118
# ptmin = 0.05
# ptmax = 23.95
# ymin = -0.5
# ymax = 0.5
# Uncertainties from scales, masses, PDFs combined quadratically
# cross section is ds/dpt (pb/GeV)
# pt  central  min  max  min_sc  max_sc  min_mass max_mass  min_pdf max_pdf fr=.5 .5  fr=2 2  fr=2 1  fr=1 2 fr=1 .5 fr=.5 1
0.0500 1.1973e+07 -1.0615e+06 4.3305e+07 1.1856e+05 4.3069e+07 8.1284e+06 1.2518e+07 8.1531e+06 1.5776e+07 2.7831e+05 2.6685e+07 3.6663e+07 5.9011e+06 4.3069e+07 1.1856e+05
0.1500 3.2082e+07 -2.0257e+06 1.1179e+08 3.9564e+05 1.1122e+08 2.3850e+07 3.2334e+07 2.2514e+07 4.1650e+07 9.3705e+05 6.8052e+07 9.0206e+07 1.6053e+07 1.1122e+08 3.9564e+05
0.2500 4.9040e+07 -2.2582e+06 1.6361e+08 6.7688e+05 1.6280e+08 3.8719e+07 4.9040e+07 3.5402e+07 6.2678e+07 1.6058e+06 9.9425e+07 1.2780e+08 2.4943e+07 1.6280e+08 6.7688e+05
0.3500 6.4587e+07 -1.9012e+06 2.0576e+08 9.8232e+05 2.0479e+08 5.4487e+07 6.4587e+07 4.8061e+07 8.1118e+07 2.3373e+06 1.2509e+08 1.5805e+08 3.3405e+07 2.0479e+08 9.8232e+05
0.4500 7.9402e+07 -1.1538e+06 2.4200e+08 1.3328e+06 2.4095e+08 7.2053e+07 7.9402e+07 6.0951e+07 9.7853e+07 3.1872e+06 1.4679e+08 1.8544e+08 4.1696e+07 2.4095e+08 1.3328e+06
0.5500 9.3521e+07 -8.4123e+05 2.7381e+08 1.7424e+06 2.7275e+08 8.3572e+07 9.3521e+07 7.3978e+07 1.1306e+08 4.1942e+06 1.6503e+08 2.1138e+08 4.9761e+07 2.7275e+08 1.7424e+06
0.6500 1.0698e+08 -6.2380e+05 3.0256e+08 2.2070e+06 3.0149e+08 9.2732e+07 1.1146e+08 8.7022e+07 1.2691e+08 5.3490e+06 1.8043e+08 2.3687e+08 5.7546e+07 3.0149e+08 2.2070e+06
0.7500 1.1940e+08 -4.1901e+05 3.2809e+08 2.7284e+06 3.2678e+08 1.0063e+08 1.3182e+08 9.9597e+07 1.3917e+08 6.6556e+06 1.9288e+08 2.6084e+08 6.4812e+07 3.2678e+08 2.7284e+06
0.8500 1.3040e+08 -1.3876e+05 3.4966e+08 3.3731e+06 3.4784e+08 1.0724e+08 1.5112e+08 1.1121e+08 1.4957e+08 8.3038e+06 2.0213e+08 2.8172e+08 7.1333e+07 3.4784e+08 3.3731e+06
0.9500 1.3956e+08 2.9234e+05 3.6629e+08 4.1724e+06 3.6375e+08 1.1249e+08 1.6807e+08 1.2131e+08 1.5780e+08 1.0377e+07 2.0796e+08 2.9788e+08 7.6863e+07 3.6375e+08 4.1724e+06
1.0500 1.4660e+08 9.0499e+05 3.7750e+08 5.1178e+06 3.7415e+08 1.1630e+08 1.8186e+08 1.2952e+08 1.6368e+08 1.2834e+07 2.1044e+08 3.0861e+08 8.1251e+07 3.7415e+08 5.1178e+06
1.1500 1.5121e+08 1.9659e+06 3.8223e+08 6.4324e+06 3.7812e+08 1.1858e+08 1.9165e+08 1.3545e+08 1.6698e+08 1.6340e+07 2.0954e+08 3.1319e+08 8.4349e+07 3.7812e+08 6.4324e+06
1.2500 1.5357e+08 3.4641e+06 3.8100e+08 8.1028e+06 3.7621e+08 1.1944e+08 1.9773e+08 1.3922e+08 1.6793e+08 2.1056e+07 2.0565e+08 3.1200e+08 8.6235e+07 3.7621e+08 8.1028e+06
1.3500 1.5379e+08 5.7899e+06 3.7460e+08 1.0528e+07 3.6929e+08 1.1897e+08 2.0015e+08 1.4084e+08 1.6673e+08 2.8096e+07 1.9928e+08 3.0579e+08 8.6937e+07 3.6929e+08 1.0528e+07
1.4500 1.5205e+08 8.9756e+06 3.6393e+08 1.3745e+07 3.5830e+08 1.1730e+08 1.9916e+08 1.4043e+08 1.6366e+08 3.7185e+07 1.9107e+08 2.9560e+08 8.6533e+07 3.5830e+08 1.3745e+07
1.5500 1.4871e+08 1.2523e+07 3.4992e+08 1.7262e+07 3.4414e+08 1.1464e+08 1.9547e+08 1.3834e+08 1.5908e+08 4.6554e+07 1.8159e+08 2.8254e+08 8.5219e+07 3.4414e+08 1.7262e+07
1.6500 1.4411e+08 1.5928e+07 3.3342e+08 2.0578e+07 3.2761e+08 1.1116e+08 1.8972e+08 1.3490e+08 1.5333e+08 5.4319e+07 1.7142e+08 2.6768e+08 8.3167e+07 3.2761e+08 2.0578e+07
1.7500 1.3858e+08 1.8899e+07 3.1520e+08 2.3409e+07 3.0947e+08 1.0707e+08 1.8243e+08 1.3042e+08 1.4674e+08 6.0178e+07 1.6086e+08 2.5169e+08 8.0538e+07 3.0947e+08 2.3409e+07
1.8500 1.3237e+08 2.1367e+07 2.9614e+08 2.5697e+07 2.9058e+08 1.0253e+08 1.7405e+08 1.2516e+08 1.3958e+08 6.4356e+07 1.5025e+08 2.3521e+08 7.7472e+07 2.9058e+08 2.5697e+07
1.9500 1.2572e+08 2.3374e+07 2.7691e+08 2.7496e+07 2.7159e+08 9.7685e+07 1.6496e+08 1.1935e+08 1.3210e+08 6.7194e+07 1.3982e+08 2.1879e+08 7.4097e+07 2.7159e+08 2.7496e+07
2.0500 1.1883e+08 2.4937e+07 2.5779e+08 2.8834e+07 2.5275e+08 9.2659e+07 1.5548e+08 1.1319e+08 1.2447e+08 6.8878e+07 1.2972e+08 2.0270e+08 7.0525e+07 2.5275e+08 2.8834e+07
2.1500 1.1190e+08 2.6128e+07 2.3920e+08 2.9798e+07 2.3445e+08 8.7588e+07 1.4597e+08 1.0691e+08 1.1689e+08 6.9575e+07 1.2006e+08 1.8724e+08 6.6872e+07 2.3445e+08 2.9798e+07
2.2500 1.0505e+08 2.6971e+07 2.2135e+08 3.0415e+07 2.1691e+08 8.2544e+07 1.3657e+08 1.0063e+08 1.0947e+08 6.9437e+07 1.1091e+08 1.7254e+08 6.3197e+07 2.1691e+08 3.0415e+07
2.3500 9.8347e+07 2.7461e+07 2.0441e+08 3.0682e+07 2.0027e+08 7.7590e+07 1.2741e+08 9.4425e+07 1.0227e+08 6.8597e+07 1.0233e+08 1.5872e+08 5.9560e+07 2.0027e+08 3.0682e+07
2.4500 9.1883e+07 2.7597e+07 1.8846e+08 3.0599e+07 1.8462e+08 7.2782e+07 1.1861e+08 8.8396e+07 9.5370e+07 6.7164e+07 9.4319e+07 1.4582e+08 5.6010e+07 1.8462e+08 3.0599e+07
2.5500 8.5696e+07 2.7407e+07 1.7354e+08 3.0196e+07 1.6999e+08 6.8153e+07 1.1022e+08 8.2590e+07 8.8803e+07 6.5209e+07 8.6880e+07 1.3385e+08 5.2574e+07 1.6999e+08 3.0196e+07
2.6500 7.9820e+07 2.6940e+07 1.5966e+08 2.9524e+07 1.5638e+08 6.3730e+07 1.0229e+08 7.7046e+07 8.2595e+07 6.2749e+07 8.0000e+07 1.2280e+08 4.9275e+07 1.5638e+08 2.9524e+07
2.7500 7.4268e+07 2.6263e+07 1.4680e+08 2.8650e+07 1.4378e+08 5.9525e+07 9.4830e+07 7.1785e+07 7.6752e+07 6.0007e+07 7.3654e+07 1.1262e+08 4.6128e+07 1.4378e+08 2.8650e+07
2.8500 6.9045e+07 2.5492e+07 1.3493e+08 2.7697e+07 1.3215e+08 5.5546e+07 8.7850e+07 6.6817e+07 7.1273e+07 5.7216e+07 6.7814e+07 1.0329e+08 4.3139e+07 1.3215e+08 2.7697e+07
2.9500 6.4149e+07 2.4686e+07 1.2399e+08 2.6724e+07 1.2143e+08 5.1794e+07 8.1342e+07 6.2146e+07 6.6153e+07 5.4458e+07 6.2450e+07 9.4740e+07 4.0313e+07 1.2143e+08 2.6724e+07
3.0500 5.9572e+07 2.3824e+07 1.1393e+08 2.5706e+07 1.1158e+08 4.8267e+07 7.5286e+07 5.7766e+07 6.1378e+07 5.1714e+07 5.7530e+07 8.6926e+07 3.7648e+07 1.1158e+08 2.5706e+07
3.1500 5.5302e+07 2.2918e+07 1.0469e+08 2.4657e+07 1.0252e+08 4.4961e+07 6.9663e+07 5.3671e+07 5.6934e+07 4.8999e+07 5.3019e+07 7.9788e+07 3.5143e+07 1.0252e+08 2.4657e+07
3.2500 5.1328e+07 2.1990e+07 9.6208e+07 2.3596e+07 9.4221e+07 4.1870e+07 6.4451e+07 4.9851e+07 5.2805e+07 4.6343e+07 4.8886e+07 7.3272e+07 3.2793e+07 9.4221e+07 2.3596e+07
3.3500 4.7635e+07 2.1054e+07 8.8437e+07 2.2537e+07 8.6612e+07 3.8984e+07 5.9627e+07 4.6296e+07 4.8976e+07 4.3770e+07 4.5101e+07 6.7328e+07 3.0595e+07 8.6612e+07 2.2537e+07
3.4500 4.4209e+07 2.0123e+07 8.1320e+07 2.1493e+07 7.9644e+07 3.6295e+07 5.5168e+07 4.2991e+07 4.5427e+07 4.1296e+07 4.1635e+07 6.1906e+07 2.8540e+07 7.9644e+07 2.1493e+07
3.5500 4.1032e+07 1.9206e+07 7.4805e+07 2.0471e+07 7.3267e+07 3.3793e+07 5.1048e+07 3.9923e+07 4.2142e+07 3.8929e+07 3.8462e+07 5.6962e+07 2.6622e+07 7.3267e+07 2.0471e+07
3.6500 3.8090e+07 1.8308e+07 6.8846e+07 1.9478e+07 6.7434e+07 3.1466e+07 4.7246e+07 3.7077e+07 3.9103e+07 3.6677e+07 3.5557e+07 5.2454e+07 2.4834e+07 6.7434e+07 1.9478e+07
3.7500 3.5370e+07 1.7434e+07 6.3399e+07 1.8516e+07 6.2103e+07 2.9308e+07 4.3743e+07 3.4444e+07 3.6297e+07 3.4535e+07 3.2895e+07 4.8342e+07 2.3170e+07 6.2103e+07 1.8516e+07
3.8500 3.2861e+07 1.6585e+07 5.8424e+07 1.7585e+07 5.7235e+07 2.7310e+07 4.0519e+07 3.2013e+07 3.3710e+07 3.2499e+07 3.0454e+07 4.4585e+07 2.1627e+07 5.7235e+07 1.7585e+07
3.9500 3.0546e+07 1.5764e+07 5.3878e+07 1.6688e+07 5.2787e+07 2.5461e+07 3.7552e+07 2.9767e+07 3.1324e+07 3.0568e+07 2.8216e+07 4.1152e+07 2.0195e+07 5.2787e+07 1.6688e+07
4.0500 2.8409e+07 1.4972e+07 4.9722e+07 1.5827e+07 4.8722e+07 2.3748e+07 3.4822e+07 2.7693e+07 2.9124e+07 2.8742e+07 2.6161e+07 3.8015e+07 1.8866e+07 4.8722e+07 1.5827e+07
4.1500 2.6436e+07 1.4211e+07 4.5922e+07 1.5001e+07 4.5004e+07 2.2162e+07 3.2309e+07 2.5777e+07 2.7095e+07 2.7020e+07 2.4275e+07 3.5146e+07 1.7632e+07 4.5004e+07 1.5001e+07
4.2500 2.4614e+07 1.3482e+07 4.2446e+07 1.4213e+07 4.1603e+07 2.0694e+07 2.9995e+07 2.4006e+07 2.5222e+07 2.5396e+07 2.2543e+07 3.2521e+07 1.6487e+07 4.1603e+07 1.4213e+07
4.3500 2.2932e+07 1.2784e+07 3.9264e+07 1.3460e+07 3.8491e+07 1.9333e+07 2.7864e+07 2.2370e+07 2.3493e+07 2.3869e+07 2.0952e+07 3.0118e+07 1.5423e+07 3.8491e+07 1.3460e+07
4.4500 2.1377e+07 1.2118e+07 3.6350e+07 1.2743e+07 3.5641e+07 1.8072e+07 2.5900e+07 2.0858e+07 2.1897e+07 2.2433e+07 1.9489e+07 2.7919e+07 1.4435e+07 3.5641e+07 1.2743e+07
4.5500 1.9941e+07 1.1485e+07 3.3681e+07 1.2064e+07 3.3030e+07 1.6903e+07 2.4092e+07 1.9459e+07 2.0422e+07 2.1087e+07 1.8142e+07 2.5902e+07 1.3518e+07 3.3030e+07 1.2064e+07
4.6500 1.8612e+07 1.0885e+07 3.1233e+07 1.1422e+07 3.0635e+07 1.5818e+07 2.2425e+07 1.8166e+07 1.9059e+07 1.9827e+07 1.6901e+07 2.4049e+07 1.2666e+07 3.0635e+07 1.1422e+07
4.7500 1.7384e+07 1.0317e+07 2.8987e+07 1.0815e+07 2.8437e+07 1.4811e+07 2.0889e+07 1.6969e+07 1.7799e+07 1.8648e+07 1.5756e+07 2.2347e+07 1.1874e+07 2.8437e+07 1.0815e+07
4.8500 1.6247e+07 9.7797e+06 2.6923e+07 1.0242e+07 2.6417e+07 1.3876e+07 1.9472e+07 1.5861e+07 1.6633e+07 1.7543e+07 1.4699e+07 2.0781e+07 1.1138e+07 2.6417e+07 1.0242e+07
4.9500 1.5194e+07 9.2708e+06 2.5027e+07 9.7007e+06 2.4560e+07 1.3008e+07 1.8164e+07 1.4834e+07 1.5553e+07 1.6509e+07 1.3723e+07 1.9341e+07 1.0454e+07 2.4560e+07 9.7007e+06
5.0500 1.4218e+07 8.7889e+06 2.3282e+07 9.1888e+06 2.2852e+07 1.2200e+07 1.6956e+07 1.3883e+07 1.4553e+07 1.5540e+07 1.2821e+07 1.8014e+07 9.8170e+06 2.2852e+07 9.1888e+06
5.1500 1.3313e+07 8.3328e+06 2.1676e+07 8.7050e+06 2.1279e+07 1.1450e+07 1.5839e+07 1.3001e+07 1.3626e+07 1.4632e+07 1.1987e+07 1.6791e+07 9.2242e+06 2.1279e+07 8.7050e+06
5.2500 1.2474e+07 7.9009e+06 2.0196e+07 8.2475e+06 1.9829e+07 1.0752e+07 1.4806e+07 1.2182e+07 1.2767e+07 1.3781e+07 1.1216e+07 1.5663e+07 8.6721e+06 1.9829e+07 8.2475e+06
5.3500 1.1696e+07 7.4919e+06 1.8831e+07 7.8149e+06 1.8492e+07 1.0103e+07 1.3850e+07 1.1422e+07 1.1969e+07 1.2984e+07 1.0501e+07 1.4622e+07 8.1577e+06 1.8492e+07 7.8149e+06
5.4500 1.0973e+07 7.1048e+06 1.7572e+07 7.4058e+06 1.7259e+07 9.4988e+06 1.2964e+07 1.0717e+07 1.1229e+07 1.2237e+07 9.8392e+06 1.3661e+07 7.6781e+06 1.7259e+07 7.4058e+06
5.5500 1.0301e+07 6.7388e+06 1.6409e+07 7.0196e+06 1.6120e+07 8.9356e+06 1.2143e+07 1.0061e+07 1.0541e+07 1.1536e+07 9.2253e+06 1.2772e+07 7.2305e+06 1.6120e+07 7.0196e+06
5.6500 9.6756e+06 6.3932e+06 1.5335e+07 6.6552e+06 1.5067e+07 8.4103e+06 1.1381e+07 9.4504e+06 9.9008e+06 1.0880e+07 8.6554e+06 1.1950e+07 6.8126e+06 1.5067e+07 6.6552e+06
5.7500 9.0937e+06 6.0666e+06 1.4342e+07 6.3113e+06 1.4094e+07 7.9202e+06 1.0674e+07 8.8822e+06 9.3052e+06 1.0265e+07 8.1261e+06 1.1189e+07 6.4222e+06 1.4094e+07 6.3113e+06
5.8500 8.5517e+06 5.7579e+06 1.3422e+07 5.9866e+06 1.3192e+07 7.4626e+06 1.0017e+07 8.3529e+06 8.7505e+06 9.6881e+06 7.6340e+06 1.0484e+07 6.0572e+06 1.3192e+07 5.9866e+06
5.9500 8.0467e+06 5.4663e+06 1.2570e+07 5.6801e+06 1.2357e+07 7.0352e+06 9.4065e+06 7.8597e+06 8.2337e+06 9.1470e+06 7.1762e+06 9.8294e+06 5.7160e+06 1.2357e+07 5.6801e+06
6.0500 7.5758e+06 5.1906e+06 1.1780e+07 5.3907e+06 1.1582e+07 6.6358e+06 8.8385e+06 7.3997e+06 7.7518e+06 8.6392e+06 6.7501e+06 9.2223e+06 5.3967e+06 1.1582e+07 5.3907e+06
6.1500 7.1364e+06 4.9121e+06 1.1047e+07 5.0978e+06 1.0863e+07 6.2623e+06 8.3099e+06 6.9705e+06 7.3023e+06 8.1626e+06 6.3532e+06 8.6583e+06 5.0978e+06 1.0863e+07 5.1173e+06
6.2500 6.7263e+06 4.6459e+06 1.0366e+07 4.8179e+06 1.0195e+07 5.9129e+06 7.8176e+06 6.5699e+06 6.8827e+06 7.7150e+06 5.9832e+06 8.1341e+06 4.8179e+06 1.0195e+07 4.8590e+06
6.3500 6.3432e+06 4.3963e+06 9.7333e+06 4.5557e+06 9.5742e+06 5.5859e+06 7.3589e+06 6.1956e+06 6.4908e+06 7.2946e+06 5.6382e+06 7.6465e+06 4.5557e+06 9.5742e+06 4.6150e+06
6.4500 5.9853e+06 4.1620e+06 9.1446e+06 4.3099e+06 8.9965e+06 5.2796e+06 6.9311e+06 5.8459e+06 6.1247e+06 6.8995e+06 5.3162e+06 7.1925e+06 4.3099e+06 8.9965e+06 4.3843e+06
6.5500 5.6506e+06 3.9421e+06 8.5968e+06 4.0794e+06 8.4587e+06 4.9928e+06 6.5320e+06 5.5189e+06 5.7823e+06 6.5281e+06 5.0155e+06 6.7697e+06 4.0794e+06 8.4587e+06 4.1662e+06
6.6500 5.3375e+06 3.7356e+06 8.0865e+06 3.8631e+06 7.9578e+06 4.7238e+06 6.1594e+06 5.2129e+06 5.4621e+06 6.1789e+06 4.7345e+06 6.3756e+06 3.8631e+06 7.9578e+06 3.9600e+06
6.7500 5.0444e+06 3.5415e+06 7.6113e+06 3.6600e+06 7.4912e+06 4.4716e+06 5.8113e+06 4.9265e+06 5.1623e+06 5.8506e+06 4.4717e+06 6.0082e+06 3.6600e+06 7.4912e+06 3.7650e+06
6.8500 4.7698e+06 3.3590e+06 7.1684e+06 3.4691e+06 7.0563e+06 4.2348e+06 5.4858e+06 4.6581e+06 4.8814e+06 5.5418e+06 4.2259e+06 5.6653e+06 3.4691e+06 7.0563e+06 3.5806e+06
6.9500 4.5124e+06 3.1873e+06 6.7554e+06 3.2897e+06 6.6506e+06 4.0125e+06 5.1814e+06 4.4066e+06 4.6182e+06 5.2512e+06 3.9957e+06 5.3452e+06 3.2897e+06 6.6506e+06 3.4062e+06
7.0500 4.2710e+06 3.0256e+06 6.3698e+06 3.1210e+06 6.2720e+06 3.8036e+06 4.8965e+06 4.1707e+06 4.3714e+06 4.9778e+06 3.7800e+06 5.0460e+06 3.1210e+06 6.2720e+06 3.2413e+06
7.1500 4.0446e+06 2.8734e+06 6.0098e+06 2.9623e+06 5.9183e+06 3.6073e+06 4.6296e+06 3.9494e+06 4.1397e+06 4.7202e+06 3.5779e+06 4.7663e+06 2.9623e+06 5.9183e+06 3.0852e+06
7.2500 3.8319e+06 2.7300e+06 5.6733e+06 2.8128e+06 5.5877e+06 3.4226e+06 4.3795e+06 3.7416e+06 3.9222e+06 4.4776e+06 3.3883e+06 4.5046e+06 2.8128e+06 5.5877e+06 2.9375e+06
7.3500 3.6322e+06 2.5948e+06 5.3586e+06 2.6721e+06 5.2784e+06 3.2488e+06 4.1450e+06 3.5464e+06 3.7180e+06 4.2490e+06 3.2103e+06 4.2595e+06 2.6721e+06 5.2784e+06 2.7976e+06
7.4500 3.4444e+06 2.4673e+06 5.0641e+06 2.5394e+06 4.9890e+06 3.0852e+06 3.9250e+06 3.3629e+06 3.5260e+06 4.0336e+06 3.0432e+06 4.0299e+06 2.5394e+06 4.9890e+06 2.6652e+06
7.5500 3.2679e+06 2.3471e+06 4.7884e+06 2.4144e+06 4.7180e+06 2.9311e+06 3.7185e+06 3.1904e+06 3.3454e+06 3.8304e+06 2.8862e+06 3.8146e+06 2.4144e+06 4.7180e+06 2.5398e+06
7.6500 3.1018e+06 2.2336e+06 4.5300e+06 2.2965e+06 4.4640e+06 2.7859e+06 3.5246e+06 3.0281e+06 3.1756e+06 3.6387e+06 2.7386e+06 3.6127e+06 2.2965e+06 4.4640e+06 2.4210e+06
7.7500 2.9455e+06 2.1265e+06 4.2878e+06 2.1853e+06 4.2259e+06 2.6490e+06 3.3424e+06 2.8753e+06 3.0157e+06 3.4579e+06 2.5997e+06 3.4231e+06 2.1853e+06 4.2259e+06 2.3085e+06
7.8500 2.7983e+06 2.0253e+06 4.0606e+06 2.0803e+06 4.0024e+06 2.5199e+06 3.1710e+06 2.7315e+06 2.8652e+06 3.2872e+06 2.4691e+06 3.2451e+06 2.0803e+06 4.0024e+06 2.2018e+06
7.9500 2.6596e+06 1.9296e+06 3.8473e+06 1.9811e+06 3.7927e+06 2.3980e+06 3.0099e+06 2.5959e+06 2.7234e+06 3.1260e+06 2.3460e+06 3.0778e+06 1.9811e+06 3.7927e+06 2.1007e+06
8.0500 2.5289e+06 1.8392e+06 3.6470e+06 1.8874e+06 3.5957e+06 2.2830e+06 2.8583e+06 2.4682e+06 2.5897e+06 2.9737e+06 2.2302e+06 2.9204e+06 1.8874e+06 3.5957e+06 2.0049e+06
8.1500 2.4057e+06 1.7537e+06 3.4588e+06 1.7989e+06 3.4106e+06 2.1744e+06 2.7155e+06 2.3478e+06 2.4636e+06 2.8300e+06 2.1209e+06 2.7725e+06 1.7989e+06 3.4106e+06 1.9140e+06
8.2500 2.2894e+06 1.6729e+06 3.2819e+06 1.7152e+06 3.2365e+06 2.0718e+06 2.5811e+06 2.2341e+06 2.3447e+06 2.6943e+06 2.0179e+06 2.6333e+06 1.7152e+06 3.2365e+06 1.8279e+06
8.3500 2.1797e+06 1.5963e+06 3.1155e+06 1.6360e+06 3.0727e+06 1.9748e+06 2.4544e+06 2.1269e+06 2.2324e+06 2.5660e+06 1.9208e+06 2.5022e+06 1.6360e+06 3.0727e+06 1.7462e+06
8.4500 2.0760e+06 1.5238e+06 2.9588e+06 1.5610e+06 2.9185e+06 1.8830e+06 2.3349e+06 2.0256e+06 2.1264e+06 2.4448e+06 1.8291e+06 2.3788e+06 1.5610e+06 2.9185e+06 1.6686e+06
8.5500 1.9781e+06 1.4551e+06 2.8113e+06 1.4901e+06 2.7733e+06 1.7962e+06 2.2222e+06 1.9300e+06 2.0263e+06 2.3302e+06 1.7425e+06 2.2624e+06 1.4901e+06 2.7733e+06 1.5950e+06
8.6500 1.8856e+06 1.3900e+06 2.6723e+06 1.4229e+06 2.6365e+06 1.7141e+06 2.1158e+06 1.8396e+06 1.9316e+06 2.2217e+06 1.6606e+06 2.1527e+06 1.4229e+06 2.6365e+06 1.5252e+06
8.7500 1.7981e+06 1.3282e+06 2.5413e+06 1.3592e+06 2.5075e+06 1.6363e+06 2.0154e+06 1.7541e+06 1.8421e+06 2.1190e+06 1.5833e+06 2.0492e+06 1.3592e+06 2.5075e+06 1.4588e+06
8.8500 1.7153e+06 1.2697e+06 2.4178e+06 1.2988e+06 2.3858e+06 1.5626e+06 1.9205e+06 1.6732e+06 1.7574e+06 2.0218e+06 1.5101e+06 1.9515e+06 1.2988e+06 2.3858e+06 1.3958e+06
8.9500 1.6369e+06 1.2141e+06 2.3012e+06 1.2415e+06 2.2710e+06 1.4927e+06 1.8308e+06 1.5966e+06 1.6772e+06 1.9298e+06 1.4409e+06 1.8592e+06 1.2415e+06 2.2710e+06 1.3359e+06
9.0500 1.5627e+06 1.1614e+06 2.1911e+06 1.1872e+06 2.1626e+06 1.4265e+06 1.7459e+06 1.5241e+06 1.6013e+06 1.8426e+06 1.3754e+06 1.7721e+06 1.1872e+06 2.1626e+06 1.2789e+06
9.1500 1.4924e+06 1.1113e+06 2.0872e+06 1.1356e+06 2.0602e+06 1.3637e+06 1.6657e+06 1.4555e+06 1.5294e+06 1.7599e+06 1.3134e+06 1.6896e+06 1.1356e+06 2.0602e+06 1.2248e+06
9.2500 1.4258e+06 1.0637e+06 1.9890e+06 1.0866e+06 1.9634e+06 1.3041e+06 1.5897e+06 1.3904e+06 1.4612e+06 1.6814e+06 1.2546e+06 1.6117e+06 1.0866e+06 1.9634e+06 1.1732e+06
9.3500 1.3626e+06 1.0185e+06 1.8961e+06 1.0401e+06 1.8720e+06 1.2475e+06 1.5178e+06 1.3287e+06 1.3965e+06 1.6071e+06 1.1988e+06 1.5380e+06 1.0401e+06 1.8720e+06 1.1242e+06
9.4500 1.3027e+06 9.7553e+05 1.8083e+06 9.9592e+05 1.7854e+06 1.1938e+06 1.4496e+06 1.2701e+06 1.3352e+06 1.5365e+06 1.1460e+06 1.4682e+06 9.9592e+05 1.7854e+06 1.0775e+06
9.5500 1.2458e+06 9.3466e+05 1.7253e+06 9.5391e+05 1.7035e+06 1.1427e+06 1.3850e+06 1.2146e+06 1.2770e+06 1.4694e+06 1.0959e+06 1.4021e+06 9.5391e+05 1.7035e+06 1.0331e+06
9.6500 1.1918e+06 8.9578e+05 1.6466e+06 9.1396e+05 1.6260e+06 1.0942e+06 1.3238e+06 1.1619e+06 1.2218e+06 1.4058e+06 1.0483e+06 1.3394e+06 9.1396e+05 1.6260e+06 9.9081e+05
9.7500 1.1406e+06 8.5878e+05 1.5721e+06 8.7597e+05 1.5526e+06 1.0480e+06 1.2657e+06 1.1118e+06 1.1693e+06 1.3454e+06 1.0032e+06 1.2801e+06 8.7597e+05 1.5526e+06 9.5051e+05
9.8500 1.0919e+06 8.2356e+05 1.5016e+06 8.3981e+05 1.4830e+06 1.0042e+06 1.2106e+06 1.0643e+06 1.1195e+06 1.2879e+06 9.6026e+05 1.2238e+06 8.3981e+05 1.4830e+06 9.1210e+05
9.9500 1.0456e+06 7.9003e+05 1.4347e+06 8.0540e+05 1.4171e+06 9.6246e+05 1.1583e+06 1.0191e+06 1.0722e+06 1.2333e+06 9.1952e+05 1.1704e+06 8.0540e+05 1.4171e+06 8.7550e+05
10.0500 1.0017e+06 7.5808e+05 1.3713e+06 7.7263e+05 1.3546e+06 9.2277e+05 1.1086e+06 9.7618e+05 1.0272e+06 1.1814e+06 8.8081e+05 1.1197e+06 7.7263e+05 1.3546e+06 8.4061e+05
10.1500 9.5986e+05 7.2764e+05 1.3112e+06 7.4141e+05 1.2953e+06 8.8498e+05 1.0615e+06 9.3536e+05 9.8436e+05 1.1321e+06 8.4400e+05 1.0716e+06 7.4141e+05 1.2953e+06 8.0733e+05
10.2500 9.2010e+05 6.9862e+05 1.2542e+06 7.1167e+05 1.2390e+06 8.4900e+05 1.0167e+06 8.9653e+05 9.4366e+05 1.0852e+06 8.0899e+05 1.0259e+06 7.1167e+05 1.2390e+06 7.7558e+05
10.3500 8.8226e+05 6.7095e+05 1.2000e+06 6.8332e+05 1.1856e+06 8.1473e+05 9.7408e+05 8.5959e+05 9.0491e+05 1.0405e+06 7.7569e+05 9.8244e+05 6.8332e+05 1.1856e+06 7.4528e+05
10.4500 8.4623e+05 6.4456e+05 1.1486e+06 6.5628e+05 1.1349e+06 7.8207e+05 9.3357e+05 8.2443e+05 8.6803e+05 9.9797e+05 7.4398e+05 9.4116e+05 6.5628e+05 1.1349e+06 7.1636e+05
10.5500 8.1193e+05 6.1937e+05 1.0998e+06 6.3050e+05 1.0867e+06 7.5093e+05 8.9503e+05 7.9094e+05 8.3291e+05 9.5746e+05 7.1380e+05 9.0191e+05 6.3050e+05 1.0867e+06 6.8873e+05
10.6500 7.7924e+05 5.9533e+05 1.0533e+06 6.0589e+05 1.0409e+06 7.2124e+05 8.5836e+05 7.5904e+05 7.9944e+05 9.1886e+05 6.8504e+05 8.6457e+05 6.0589e+05 1.0409e+06 6.6235e+05
10.7500 7.4810e+05 5.7238e+05 1.0092e+06 5.8241e+05 9.9736e+05 6.9292e+05 8.2343e+05 7.2864e+05 7.6754e+05 8.8207e+05 6.5764e+05 8.2904e+05 5.8241e+05 9.9736e+05 6.3714e+05
10.8500 7.1841e+05 5.5046e+05 9.6726e+05 5.5998e+05 9.5594e+05 6.6590e+05 7.9018e+05 6.9967e+05 7.3714e+05 8.4700e+05 6.3153e+05 7.9521e+05 5.5998e+05 9.5594e+05 6.1305e+05
10.9500 6.9009e+05 5.2952e+05 9.2734e+05 5.3857e+05 9.1654e+05 6.4010e+05 7.5848e+05 6.7203e+05 7.0813e+05 8.1354e+05 6.0662e+05 7.6299e+05 5.3857e+05 9.1654e+05 5.9001e+05
11.0500 6.6307e+05 5.0950e+05 8.8935e+05 5.1811e+05 8.7905e+05 6.1547e+05 7.2828e+05 6.4567e+05 6.8046e+05 7.8161e+05 5.8287e+05 7.3230e+05 5.1811e+05 8.7905e+05 5.6798e+05
11.1500 6.3729e+05 4.9037e+05 8.5318e+05 4.9856e+05 8.4335e+05 5.9194e+05 6.9948e+05 6.2052e+05 6.5405e+05 7.5114e+05 5.6020e+05 7.0306e+05 4.9856e+05 8.4335e+05 5.4690e+05
11.2500 6.1268e+05 4.7208e+05 8.1874e+05 4.7987e+05 8.0935e+05 5.6946e+05 6.7201e+05 5.9650e+05 6.2884e+05 7.2205e+05 5.3856e+05 6.7518e+05 4.7987e+05 8.0935e+05 5.2674e+05
11.3500 5.8917e+05 4.5458e+05 7.8594e+05 4.6199e+05 7.7697e+05 5.4797e+05 6.4580e+05 5.7358e+05 6.0476e+05 6.9426e+05 5.1790e+05 6.4859e+05 4.6199e+05 7.7697e+05 5.0744e+05
11.4500 5.6672e+05 4.3784e+05 7.5468e+05 4.4490e+05 7.4610e+05 5.2742e+05 6.2079e+05 5.5167e+05 5.8175e+05 6.6772e+05 4.9816e+05 6.2322e+05 4.4490e+05 7.4610e+05 4.8896e+05
11.5500 5.4526e+05 4.2181e+05 7.2488e+05 4.2854e+05 7.1668e+05 5.0777e+05 5.9690e+05 5.3074e+05 5.5977e+05 6.4234e+05 4.7930e+05 5.9902e+05 4.2854e+05 7.1668e+05 4.7126e+05
11.6500 5.2475e+05 4.0648e+05 6.9647e+05 4.1289e+05 6.8863e+05 4.8898e+05 5.7409e+05 5.1074e+05 5.3875e+05 6.1809e+05 4.6128e+05 5.7592e+05 4.1289e+05 6.8863e+05 4.5431e+05
11.7500 5.0513e+05 3.9179e+05 6.6937e+05 3.9790e+05 6.6187e+05 4.7099e+05 5.5230e+05 4.9161e+05 5.1865e+05 5.9489e+05 4.4404e+05 5.5386e+05 3.9790e+05 6.6187e+05 4.3807e+05
11.8500 4.8638e+05 3.7772e+05 6.4352e+05 3.8356e+05 6.3634e+05 4.5377e+05 5.3147e+05 4.7332e+05 4.9943e+05 5.7270e+05 4.2756e+05 5.3279e+05 3.8356e+05 6.3634e+05 4.2250e+05
11.9500 4.6843e+05 3.6425e+05 6.1883e+05 3.6981e+05 6.1196e+05 4.3728e+05 5.1156e+05 4.5582e+05 4.8104e+05 5.5147e+05 4.1180e+05 5.1265e+05 3.6981e+05 6.1196e+05 4.0758e+05
12.0500 4.5126e+05 3.5133e+05 5.9525e+05 3.5665e+05 5.8867e+05 4.2150e+05 4.9252e+05 4.3908e+05 4.6344e+05 5.3116e+05 3.9671e+05 4.9341e+05 3.5665e+05 5.8867e+05 3.9328e+05
12.1500 4.3483e+05 3.3895e+05 5.7270e+05 3.4403e+05 5.6640e+05 4.0638e+05 4.7432e+05 4.2306e+05 4.4660e+05 5.1173e+05 3.8228e+05 4.7501e+05 3.4403e+05 5.6640e+05 3.7955e+05
12.2500 4.1910e+05 3.2708e+05 5.5115e+05 3.3193e+05 5.4511e+05 3.9190e+05 4.5691e+05 4.0773e+05 4.3048e+05 4.9312e+05 3.6846e+05 4.5742e+05 3.3193e+05 5.4511e+05 3.6639e+05
12.3500 4.0404e+05 3.1570e+05 5.3055e+05 3.2034e+05 5.2475e+05 3.7802e+05 4.4025e+05 3.9305e+05 4.1504e+05 4.7531e+05 3.5523e+05 4.4059e+05 3.2034e+05 5.2475e+05 3.5376e+05
12.4500 3.8961e+05 3.0478e+05 5.1084e+05 3.0922e+05 5.0528e+05 3.6472e+05 4.2430e+05 3.7898e+05 4.0025e+05 4.5825e+05 3.4255e+05 4.2448e+05 3.0922e+05 5.0528e+05 3.4163e+05
12.5500 3.7579e+05 2.9430e+05 4.9198e+05 2.9854e+05 4.8664e+05 3.5197e+05 4.0903e+05 3.6551e+05 3.8608e+05 4.4191e+05 3.3041e+05 4.0907e+05 2.9854e+05 4.8664e+05 3.2999e+05
12.6500 3.6254e+05 2.8425e+05 4.7393e+05 2.8830e+05 4.6881e+05 3.3974e+05 3.9440e+05 3.5260e+05 3.7250e+05 4.2624e+05 3.1877e+05 3.9431e+05 2.8830e+05 4.6881e+05 3.1881e+05
12.7500 3.4984e+05 2.7459e+05 4.5665e+05 2.7848e+05 4.5174e+05 3.2800e+05 3.8039e+05 3.4022e+05 3.5948e+05 4.1123e+05 3.0761e+05 3.8018e+05 2.7848e+05 4.5174e+05 3.0807e+05
12.8500 3.3766e+05 2.6532e+05 4.4011e+05 2.6904e+05 4.3539e+05 3.1674e+05 3.6697e+05 3.2835e+05 3.4699e+05 3.9683e+05 2.9691e+05 3.6664e+05 2.6904e+05 4.3539e+05 2.9776e+05
12.9500 3.2598e+05 2.5641e+05 4.2427e+05 2.5998e+05 4.1973e+05 3.0594e+05 3.5410e+05 3.1696e+05 3.3501e+05 3.8302e+05 2.8665e+05 3.5366e+05 2.5998e+05 4.1973e+05 2.8784e+05
13.0500 3.1477e+05 2.4786e+05 4.0909e+05 2.5128e+05 4.0472e+05 2.9556e+05 3.4176e+05 3.0604e+05 3.2351e+05 3.6977e+05 2.7680e+05 3.4123e+05 2.5128e+05 4.0472e+05 2.7831e+05
13.1500 3.0402e+05 2.3964e+05 3.9455e+05 2.4291e+05 3.9035e+05 2.8560e+05 3.2992e+05 2.9556e+05 3.1248e+05 3.5706e+05 2.6735e+05 3.2931e+05 2.4291e+05 3.9035e+05 2.6915e+05
13.2500 2.9369e+05 2.3173e+05 3.8061e+05 2.3487e+05 3.7657e+05 2.7602e+05 3.1857e+05 2.8550e+05 3.0189e+05 3.4486e+05 2.5828e+05 3.1788e+05 2.3487e+05 3.7657e+05 2.6034e+05
13.3500 2.8378e+05 2.2414e+05 3.6725e+05 2.2715e+05 3.6336e+05 2.6683e+05 3.0768e+05 2.7584e+05 2.9172e+05 3.3315e+05 2.4957e+05 3.0691e+05 2.2715e+05 3.6336e+05 2.5187e+05
13.4500 2.7425e+05 2.1683e+05 3.5444e+05 2.1972e+05 3.5069e+05 2.5799e+05 2.9722e+05 2.6656e+05 2.8195e+05 3.2190e+05 2.4121e+05 2.9639e+05 2.1972e+05 3.5069e+05 2.4372e+05
13.5500 2.6511e+05 2.0980e+05 3.4215e+05 2.1257e+05 3.3854e+05 2.4950e+05 2.8718e+05 2.5765e+05 2.7257e+05 3.1109e+05 2.3317e+05 2.8629e+05 2.1257e+05 3.3854e+05 2.3587e+05
13.6500 2.5632e+05 2.0304e+05 3.3036e+05 2.0570e+05 3.2689e+05 2.4133e+05 2.7754e+05 2.4909e+05 2.6355e+05 3.0071e+05 2.2545e+05 2.7660e+05 2.0570e+05 3.2689e+05 2.2832e+05
13.7500 2.4787e+05 1.9653e+05 3.1905e+05 1.9909e+05 3.1570e+05 2.3348e+05 2.6827e+05 2.4086e+05 2.5488e+05 2.9073e+05 2.1802e+05 2.6729e+05 1.9909e+05 3.1570e+05 2.2105e+05
13.8500 2.3974e+05 1.9027e+05 3.0820e+05 1.9272e+05 3.0497e+05 2.2592e+05 2.5937e+05 2.3295e+05 2.4655e+05 2.8114e+05 2.1089e+05 2.5836e+05 1.9272e+05 3.0497e+05 2.1406e+05
13.9500 2.3194e+05 1.8424e+05 2.9778e+05 1.8660e+05 2.9466e+05 2.1865e+05 2.5082e+05 2.2534e+05 2.3853e+05 2.7192e+05 2.0403e+05 2.4977e+05 1.8660e+05 2.9466e+05 2.0732e+05
14.0500 2.2442e+05 1.7843e+05 2.8777e+05 1.8070e+05 2.8477e+05 2.1166e+05 2.4260e+05 2.1802e+05 2.3082e+05 2.6306e+05 1.9743e+05 2.4152e+05 1.8070e+05 2.8477e+05 2.0082e+05
14.1500 2.1720e+05 1.7284e+05 2.7816e+05 1.7502e+05 2.7527e+05 2.0492e+05 2.3470e+05 2.1099e+05 2.2340e+05 2.5453e+05 1.9108e+05 2.3360e+05 1.7502e+05 2.7527e+05 1.9457e+05
14.2500 2.1024e+05 1.6745e+05 2.6893e+05 1.6955e+05 2.6614e+05 1.9844e+05 2.2709e+05 2.0422e+05 2.1627e+05 2.4632e+05 1.8497e+05 2.2598e+05 1.6955e+05 2.6614e+05 1.8854e+05
14.3500 2.0355e+05 1.6226e+05 2.6007e+05 1.6428e+05 2.5737e+05 1.9220e+05 2.1978e+05 1.9770e+05 2.0940e+05 2.3843e+05 1.7909e+05 2.1865e+05 1.6428e+05 2.5737e+05 1.8274e+05
14.4500 1.9711e+05 1.5726e+05 2.5155e+05 1.5920e+05 2.4894e+05 1.8619e+05 2.1274e+05 1.9143e+05 2.0278e+05 2.3082e+05 1.7342e+05 2.1160e+05 1.5920e+05 2.4894e+05 1.7714e+05
14.5500 1.9090e+05 1.5243e+05 2.4335e+05 1.5431e+05 2.4084e+05 1.8039e+05 2.0597e+05 1.8539e+05 1.9641e+05 2.2351e+05 1.6797e+05 2.0482e+05 1.5431e+05 2.4084e+05 1.7174e+05
14.6500 1.8493e+05 1.4778e+05 2.3547e+05 1.4959e+05 2.3305e+05 1.7481e+05 1.9945e+05 1.7957e+05 1.9028e+05 2.1646e+05 1.6272e+05 1.9830e+05 1.4959e+05 2.3305e+05 1.6653e+05
14.7500 1.7917e+05 1.4330e+05 2.2789e+05 1.4504e+05 2.2555e+05 1.6943e+05 1.9317e+05 1.7397e+05 1.8437e+05 2.0968e+05 1.5766e+05 1.9201e+05 1.4504e+05 2.2555e+05 1.6151e+05
14.8500 1.7362e+05 1.3898e+05 2.2059e+05 1.4066e+05 2.1833e+05 1.6425e+05 1.8712e+05 1.6857e+05 1.7867e+05 2.0314e+05 1.5279e+05 1.8596e+05 1.4066e+05 2.1833e+05 1.5667e+05
14.9500 1.6828e+05 1.3481e+05 2.1357e+05 1.3643e+05 2.1138e+05 1.5925e+05 1.8130e+05 1.6337e+05 1.7319e+05 1.9684e+05 1.4809e+05 1.8013e+05 1.3643e+05 2.1138e+05 1.5199e+05
15.0500 1.6313e+05 1.3079e+05 2.0681e+05 1.3235e+05 2.0469e+05 1.5442e+05 1.7569e+05 1.5836e+05 1.6789e+05 1.9077e+05 1.4356e+05 1.7452e+05 1.3235e+05 2.0469e+05 1.4748e+05
15.1500 1.5816e+05 1.2690e+05 2.0030e+05 1.2841e+05 1.9825e+05 1.4977e+05 1.7028e+05 1.5352e+05 1.6279e+05 1.8491e+05 1.3920e+05 1.6911e+05 1.2841e+05 1.9825e+05 1.4313e+05
15.2500 1.5337e+05 1.2316e+05 1.9403e+05 1.2461e+05 1.9204e+05 1.4529e+05 1.6507e+05 1.4886e+05 1.5787e+05 1.7927e+05 1.3499e+05 1.6389e+05 1.2461e+05 1.9204e+05 1.3893e+05
15.3500 1.4875e+05 1.1954e+05 1.8798e+05 1.2094e+05 1.8606e+05 1.4096e+05 1.6005e+05 1.4437e+05 1.5313e+05 1.7383e+05 1.3093e+05 1.5886e+05 1.2094e+05 1.8606e+05 1.3487e+05
15.4500 1.4429e+05 1.1605e+05 1.8216e+05 1.1740e+05 1.8030e+05 1.3678e+05 1.5520e+05 1.4003e+05 1.4855e+05 1.6858e+05 1.2701e+05 1.5402e+05 1.1740e+05 1.8030e+05 1.3095e+05
15.5500 1.3999e+05 1.1267e+05 1.7655e+05 1.1398e+05 1.7475e+05 1.3274e+05 1.5053e+05 1.3585e+05 1.4413e+05 1.6352e+05 1.2323e+05 1.4934e+05 1.1398e+05 1.7475e+05 1.2716e+05
15.6500 1.3584e+05 1.0941e+05 1.7114e+05 1.1068e+05 1.6940e+05 1.2885e+05 1.4602e+05 1.3181e+05 1.3987e+05 1.5863e+05 1.1958e+05 1.4484e+05 1.1068e+05 1.6940e+05 1.2350e+05
15.7500 1.3183e+05 1.0627e+05 1.6593e+05 1.0749e+05 1.6424e+05 1.2509e+05 1.4167e+05 1.2792e+05 1.3575e+05 1.5392e+05 1.1606e+05 1.4049e+05 1.0749e+05 1.6424e+05 1.1997e+05
15.8500 1.2797e+05 1.0322e+05 1.6090e+05 1.0440e+05 1.5927e+05 1.2146e+05 1.3747e+05 1.2415e+05 1.3178e+05 1.4937e+05 1.1266e+05 1.3629e+05 1.0440e+05 1.5927e+05 1.1655e+05
15.9500 1.2423e+05 1.0028e+05 1.5605e+05 1.0142e+05 1.5447e+05 1.1795e+05 1.3342e+05 1.2052e+05 1.2794e+05 1.4497e+05 1.0938e+05 1.3224e+05 1.0142e+05 1.5447e+05 1.1325e+05
16.0500 1.2062e+05 9.7443e+04 1.5137e+05 9.8545e+04 1.4984e+05 1.1456e+05 1.2951e+05 1.1701e+05 1.2423e+05 1.4073e+05 1.0621e+05 1.2833e+05 9.8545e+04 1.4984e+05 1.1006e+05
16.1500 1.1714e+05 9.4695e+04 1.4686e+05 9.5761e+04 1.4537e+05 1.1128e+05 1.2573e+05 1.1363e+05 1.2065e+05 1.3663e+05 1.0315e+05 1.2456e+05 9.5761e+04 1.4537e+05 1.0697e+05
16.2500 1.1377e+05 9.2039e+04 1.4251e+05 9.3070e+04 1.4106e+05 1.0811e+05 1.2209e+05 1.1035e+05 1.1719e+05 1.3267e+05 1.0019e+05 1.2092e+05 9.3070e+04 1.4106e+05 1.0398e+05
16.3500 1.1052e+05 8.9469e+04 1.3830e+05 9.0467e+04 1.3690e+05 1.0505e+05 1.1856e+05 1.0719e+05 1.1385e+05 1.2885e+05 9.7328e+04 1.1740e+05 9.0467e+04 1.3690e+05 1.0109e+05
16.4500 1.0738e+05 8.6984e+04 1.3424e+05 8.7949e+04 1.3289e+05 1.0209e+05 1.1516e+05 1.0413e+05 1.1062e+05 1.2515e+05 9.4564e+04 1.1400e+05 8.7949e+04 1.3289e+05 9.8296e+04
16.5500 1.0434e+05 8.4579e+04 1.3032e+05 8.5514e+04 1.2901e+05 9.9229e+04 1.1187e+05 1.0118e+05 1.0749e+05 1.2158e+05 9.1892e+04 1.1072e+05 8.5514e+04 1.2901e+05 9.5591e+04
16.6500 1.0140e+05 8.2252e+04 1.2654e+05 8.3158e+04 1.2526e+05 9.6460e+04 1.0869e+05 9.8324e+04 1.0447e+05 1.1813e+05 8.9309e+04 1.0755e+05 8.3158e+04 1.2526e+05 9.2974e+04
16.7500 9.8558e+04 8.0000e+04 1.2289e+05 8.0877e+04 1.2164e+05 9.3783e+04 1.0562e+05 9.5563e+04 1.0155e+05 1.1479e+05 8.6811e+04 1.0448e+05 8.0877e+04 1.2164e+05 9.0440e+04
16.8500 9.5810e+04 7.7821e+04 1.1936e+05 7.8670e+04 1.1815e+05 9.1192e+04 1.0265e+05 9.2892e+04 9.8727e+04 1.1157e+05 8.4394e+04 1.0152e+05 7.8670e+04 1.1815e+05 8.7986e+04
16.9500 9.3152e+04 7.5711e+04 1.1594e+05 7.6534e+04 1.1477e+05 8.8685e+04 9.9774e+04 9.0309e+04 9.5994e+04 1.0845e+05 8.2057e+04 9.8661e+04 7.6534e+04 1.1477e+05 8.5611e+04
17.0500 9.0580e+04 7.3667e+04 1.1265e+05 7.4465e+04 1.1151e+05 8.6258e+04 9.6995e+04 8.7810e+04 9.3349e+04 1.0543e+05 7.9796e+04 9.5893e+04 7.4465e+04 1.1151e+05 8.3311e+04
17.1500 8.8092e+04 7.1689e+04 1.0946e+05 7.2462e+04 1.0836e+05 8.3910e+04 9.4308e+04 8.5392e+04 9.0790e+04 1.0251e+05 7.7607e+04 9.3217e+04 7.2462e+04 1.0836e+05 8.1082e+04
17.2500 8.5683e+04 6.9772e+04 1.0638e+05 7.0522e+04 1.0531e+05 8.1636e+04 9.1708e+04 8.3052e+04 8.8314e+04 9.9680e+04 7.5489e+04 9.0629e+04 7.0522e+04 1.0531e+05 7.8924e+04
17.3500 8.3352e+04 6.7915e+04 1.0340e+05 6.8643e+04 1.0236e+05 7.9434e+04 8.9191e+04 8.0788e+04 8.5916e+04 9.6946e+04 7.3439e+04 8.8125e+04 6.8643e+04 1.0236e+05 7.6833e+04
17.4500 8.1095e+04 6.6117e+04 1.0052e+05 6.6822e+04 9.9509e+04 7.7302e+04 8.6756e+04 7.8596e+04 8.3595e+04 9.4299e+04 7.1454e+04 8.5704e+04 6.6822e+04 9.9509e+04 7.4806e+04
17.5500 7.8910e+04 6.4374e+04 9.7735e+04 6.5058e+04 9.6752e+04 7.5237e+04 8.4399e+04 7.6473e+04 8.1348e+04 9.1737e+04 6.9533e+04 8.3361e+04 6.5058e+04 9.6752e+04 7.2843e+04
17.6500 7.6794e+04 6.2684e+04 9.5041e+04 6.3349e+04 9.4084e+04 7.3237e+04 8.2118e+04 7.4418e+04 7.9171e+04 8.9256e+04 6.7671e+04 8.1093e+04 6.3349e+04 9.4084e+04 7.0939e+04
17.7500 7.4745e+04 6.1047e+04 9.2433e+04 6.1692e+04 9.1503e+04 7.1299e+04 7.9908e+04 7.2427e+04 7.7063e+04 8.6854e+04 6.5869e+04 7.8898e+04 6.1692e+04 9.1503e+04 6.9094e+04
17.8500 7.2760e+04 5.9460e+04 8.9909e+04 6.0086e+04 8.9005e+04 6.9421e+04 7.7769e+04 7.0499e+04 7.5020e+04 8.4527e+04 6.4122e+04 7.6772e+04 6.0086e+04 8.9005e+04 6.7305e+04
17.9500 7.0836e+04 5.7922e+04 8.7467e+04 5.8530e+04 8.6587e+04 6.7600e+04 7.5696e+04 6.8631e+04 7.3041e+04 8.2273e+04 6.2430e+04 7.4714e+04 5.8530e+04 8.6587e+04 6.5571e+04
18.0500 6.8972e+04 5.6430e+04 8.5102e+04 5.7020e+04 8.4246e+04 6.5836e+04 7.3689e+04 6.6822e+04 7.1124e+04 8.0090e+04 6.0791e+04 7.2720e+04 5.7020e+04 8.4246e+04 6.3889e+04
18.1500 6.7166e+04 5.4984e+04 8.2812e+04 5.5557e+04 8.1979e+04 6.4126e+04 7.1744e+04 6.5068e+04 6.9265e+04 7.7975e+04 5.9202e+04 7.0789e+04 5.5557e+04 8.1979e+04 6.2258e+04
18.2500 6.5415e+04 5.3580e+04 8.0595e+04 5.4138e+04 7.9784e+04 6.2468e+04 6.9860e+04 6.3368e+04 6.7464e+04 7.5925e+04 5.7661e+04 6.8918e+04 5.4138e+04 7.9784e+04 6.0675e+04
18.3500 6.3718e+04 5.2219e+04 7.8447e+04 5.2761e+04 7.7658e+04 6.0860e+04 6.8033e+04 6.1720e+04 6.5717e+04 7.3938e+04 5.6168e+04 6.7104e+04 5.2761e+04 7.7658e+04 5.9140e+04
18.4500 6.2072e+04 5.0899e+04 7.6366e+04 5.1425e+04 7.5598e+04 5.9301e+04 6.6263e+04 6.0122e+04 6.4024e+04 7.2012e+04 5.4720e+04 6.5347e+04 5.1425e+04 7.5598e+04 5.7651e+04
18.5500 6.0477e+04 4.9618e+04 7.4350e+04 5.0129e+04 7.3603e+04 5.7788e+04 6.4546e+04 5.8573e+04 6.2381e+04 7.0145e+04 5.3316e+04 6.3644e+04 5.0129e+04 7.3603e+04 5.6205e+04
18.6500 5.8929e+04 4.8374e+04 7.2397e+04 4.8872e+04 7.1669e+04 5.6321e+04 6.2882e+04 5.7071e+04 6.0788e+04 6.8334e+04 5.1954e+04 6.1993e+04 4.8872e+04 7.1669e+04 5.4802e+04
18.7500 5.7428e+04 4.7167e+04 7.0504e+04 4.7651e+04 6.9795e+04 5.4897e+04 6.1269e+04 5.5614e+04 5.9244e+04 6.6579e+04 5.0633e+04 6.0392e+04 4.7651e+04 6.9795e+04 5.3440e+04
18.8500 5.5972e+04 4.5996e+04 6.8669e+04 4.6467e+04 6.7978e+04 5.3516e+04 5.9704e+04 5.4201e+04 5.7745e+04 6.4876e+04 4.9352e+04 5.8840e+04 4.6467e+04 6.7978e+04 5.2118e+04
18.9500 5.4559e+04 4.4859e+04 6.6890e+04 4.5317e+04 6.6217e+04 5.2175e+04 5.8186e+04 5.2830e+04 5.6290e+04 6.3224e+04 4.8108e+04 5.7334e+04 4.5317e+04 6.6217e+04 5.0834e+04
19.0500 5.3188e+04 4.3754e+04 6.5165e+04 4.4200e+04 6.4509e+04 5.0874e+04 5.6714e+04 5.1499e+04 5.4879e+04 6.1622e+04 4.6902e+04 5.5874e+04 4.4200e+04 6.4509e+04 4.9587e+04
19.1500 5.1858e+04 4.2682e+04 6.3493e+04 4.3116e+04 6.2853e+04 4.9611e+04 5.5285e+04 5.0208e+04 5.3509e+04 6.0067e+04 4.5731e+04 5.4457e+04 4.3116e+04 6.2853e+04 4.8376e+04
19.2500 5.0567e+04 4.1640e+04 6.1871e+04 4.2062e+04 6.1247e+04 4.8384e+04 5.3898e+04 4.8955e+04 5.2180e+04 5.8558e+04 4.4594e+04 5.3082e+04 4.2062e+04 6.1247e+04 4.7199e+04
19.3500 4.9313e+04 4.0628e+04 6.0297e+04 4.1040e+04 5.9690e+04 4.7194e+04 5.2553e+04 4.7739e+04 5.0889e+04 5.7094e+04 4.3491e+04 5.1749e+04 4.1040e+04 5.9690e+04 4.6056e+04
19.4500 4.8096e+04 3.9645e+04 5.8771e+04 4.0046e+04 5.8178e+04 4.6037e+04 5.1247e+04 4.6558e+04 4.9636e+04 5.5673e+04 4.2419e+04 5.0454e+04 4.0046e+04 5.8178e+04 4.4946e+04
19.5500 4.6914e+04 3.8691e+04 5.7290e+04 3.9080e+04 5.6712e+04 4.4914e+04 4.9979e+04 4.5411e+04 4.8418e+04 5.4293e+04 4.1379e+04 4.9198e+04 3.9080e+04 5.6712e+04 4.3867e+04
19.6500 4.5767e+04 3.7762e+04 5.5852e+04 3.8142e+04 5.5289e+04 4.3823e+04 4.8748e+04 4.4298e+04 4.7237e+04 5.2954e+04 4.0368e+04 4.7978e+04 3.8142e+04 5.5289e+04 4.2818e+04
19.7500 4.4652e+04 3.6861e+04 5.4457e+04 3.7230e+04 5.3908e+04 4.2763e+04 4.7553e+04 4.3217e+04 4.6089e+04 5.1653e+04 3.9387e+04 4.6794e+04 3.7230e+04 5.3908e+04 4.1799e+04
19.8500 4.3570e+04 3.5984e+04 5.3103e+04 3.6344e+04 5.2567e+04 4.1734e+04 4.6392e+04 4.2167e+04 4.4974e+04 5.0390e+04 3.8434e+04 4.5644e+04 3.6344e+04 5.2567e+04 4.0808e+04
19.9500 4.2518e+04 3.5132e+04 5.1789e+04 3.5483e+04 5.1266e+04 4.0733e+04 4.5264e+04 4.1146e+04 4.3890e+04 4.9163e+04 3.7508e+04 4.4527e+04 3.5483e+04 5.1266e+04 3.9844e+04
20.0500 4.1496e+04 3.4303e+04 5.0513e+04 3.4646e+04 5.0002e+04 3.9761e+04 4.4169e+04 4.0155e+04 4.2837e+04 4.7971e+04 3.6608e+04 4.3442e+04 3.4646e+04 5.0002e+04 3.8908e+04
20.1500 4.0503e+04 3.3498e+04 4.9274e+04 3.3832e+04 4.8775e+04 3.8816e+04 4.3105e+04 3.9192e+04 4.1814e+04 4.6814e+04 3.5733e+04 4.2389e+04 3.3832e+04 4.8775e+04 3.7997e+04
20.2500 3.9538e+04 3.2714e+04 4.8070e+04 3.3040e+04 4.7584e+04 3.7897e+04 4.2071e+04 3.8256e+04 4.0820e+04 4.5689e+04 3.4883e+04 4.1365e+04 3.3040e+04 4.7584e+04 3.7111e+04
20.3500 3.8600e+04 3.1952e+04 4.6901e+04 3.2270e+04 4.6426e+04 3.7004e+04 4.1067e+04 3.7347e+04 3.9854e+04 4.4596e+04 3.4057e+04 4.0370e+04 3.2270e+04 4.6426e+04 3.6249e+04
20.4500 3.7688e+04 3.1211e+04 4.5766e+04 3.1521e+04 4.5302e+04 3.6136e+04 4.0090e+04 3.6463e+04 3.8914e+04 4.3534e+04 3.3254e+04 3.9404e+04 3.1521e+04 4.5302e+04 3.5410e+04
20.5500 3.6802e+04 3.0491e+04 4.4662e+04 3.0792e+04 4.4210e+04 3.5292e+04 3.9141e+04 3.5603e+04 3.8001e+04 4.2501e+04 3.2473e+04 3.8465e+04 3.0792e+04 4.4210e+04 3.4595e+04
20.6500 3.5940e+04 2.9789e+04 4.3590e+04 3.0083e+04 4.3148e+04 3.4470e+04 3.8219e+04 3.4768e+04 3.7113e+04 4.1498e+04 3.1714e+04 3.7552e+04 3.0083e+04 4.3148e+04 3.3801e+04
20.7500 3.5102e+04 2.9107e+04 4.2549e+04 2.9394e+04 4.2117e+04 3.3672e+04 3.7322e+04 3.3955e+04 3.6249e+04 4.0522e+04 3.0975e+04 3.6664e+04 2.9394e+04 4.2117e+04 3.3028e+04
20.8500 3.4287e+04 2.8443e+04 4.1536e+04 2.8723e+04 4.1114e+04 3.2895e+04 3.6450e+04 3.3165e+04 3.5409e+04 3.9573e+04 3.0257e+04 3.5801e+04 2.8723e+04 4.1114e+04 3.2277e+04
20.9500 3.3494e+04 2.7796e+04 4.0552e+04 2.8070e+04 4.0140e+04 3.2139e+04 3.5602e+04 3.2396e+04 3.4592e+04 3.8651e+04 2.9559e+04 3.4962e+04 2.8070e+04 4.0140e+04 3.1545e+04
21.0500 3.2723e+04 2.7167e+04 3.9595e+04 2.7434e+04 3.9193e+04 3.1404e+04 3.4777e+04 3.1649e+04 3.3797e+04 3.7754e+04 2.8879e+04 3.4146e+04 2.7434e+04 3.9193e+04 3.0833e+04
21.1500 3.1973e+04 2.6555e+04 3.8665e+04 2.6815e+04 3.8272e+04 3.0689e+04 3.3975e+04 3.0922e+04 3.3024e+04 3.6881e+04 2.8218e+04 3.3353e+04 2.6815e+04 3.8272e+04 3.0139e+04
21.2500 3.1243e+04 2.5959e+04 3.7761e+04 2.6213e+04 3.7376e+04 2.9992e+04 3.3194e+04 3.0214e+04 3.2271e+04 3.6033e+04 2.7575e+04 3.2581e+04 2.6213e+04 3.7376e+04 2.9464e+04
21.3500 3.0532e+04 2.5378e+04 3.6881e+04 2.5626e+04 3.6505e+04 2.9315e+04 3.2435e+04 2.9526e+04 3.1539e+04 3.5207e+04 2.6949e+04 3.1830e+04 2.5626e+04 3.6505e+04 2.8806e+04
21.4500 2.9841e+04 2.4813e+04 3.6025e+04 2.5055e+04 3.5658e+04 2.8655e+04 3.1696e+04 2.8856e+04 3.0826e+04 3.4404e+04 2.6340e+04 3.1100e+04 2.5055e+04 3.5658e+04 2.8166e+04
21.5500 2.9168e+04 2.4262e+04 3.5193e+04 2.4499e+04 3.4834e+04 2.8013e+04 3.0977e+04 2.8204e+04 3.0132e+04 3.3622e+04 2.5746e+04 3.0389e+04 2.4499e+04 3.4834e+04 2.7542e+04
21.6500 2.8513e+04 2.3726e+04 3.4383e+04 2.3957e+04 3.4032e+04 2.7388e+04 3.0277e+04 2.7569e+04 2.9457e+04 3.2860e+04 2.5169e+04 2.9697e+04 2.3957e+04 3.4032e+04 2.6934e+04
21.7500 2.7875e+04 2.3204e+04 3.3596e+04 2.3429e+04 3.3252e+04 2.6778e+04 2.9595e+04 2.6951e+04 2.8799e+04 3.2119e+04 2.4606e+04 2.9024e+04 2.3429e+04 3.3252e+04 2.6342e+04
21.8500 2.7254e+04 2.2695e+04 3.2829e+04 2.2915e+04 3.2493e+04 2.6185e+04 2.8932e+04 2.6349e+04 2.8158e+04 3.1397e+04 2.4059e+04 2.8368e+04 2.2915e+04 3.2493e+04 2.5766e+04
21.9500 2.6648e+04 2.2199e+04 3.2083e+04 2.2414e+04 3.1754e+04 2.5607e+04 2.8286e+04 2.5762e+04 2.7534e+04 3.0694e+04 2.3525e+04 2.7730e+04 2.2414e+04 3.1754e+04 2.5204e+04
22.0500 2.6059e+04 2.1716e+04 3.1357e+04 2.1926e+04 3.1035e+04 2.5044e+04 2.7656e+04 2.5191e+04 2.6926e+04 3.0010e+04 2.3006e+04 2.7109e+04 2.1926e+04 3.1035e+04 2.4657e+04
22.1500 2.5484e+04 2.1245e+04 3.0650e+04 2.1451e+04 3.0336e+04 2.4495e+04 2.7043e+04 2.4635e+04 2.6334e+04 2.9343e+04 2.2499e+04 2.6504e+04 2.1451e+04 3.0336e+04 2.4123e+04
22.2500 2.4925e+04 2.0786e+04 2.9962e+04 2.0987e+04 2.9654e+04 2.3960e+04 2.6446e+04 2.4093e+04 2.5756e+04 2.8693e+04 2.2006e+04 2.5915e+04 2.0987e+04 2.9654e+04 2.3604e+04
22.3500 2.4380e+04 2.0339e+04 2.9292e+04 2.0536e+04 2.8991e+04 2.3439e+04 2.5865e+04 2.3565e+04 2.5194e+04 2.8060e+04 2.1525e+04 2.5341e+04 2.0536e+04 2.8991e+04 2.3097e+04
22.4500 2.3849e+04 1.9903e+04 2.8640e+04 2.0095e+04 2.8345e+04 2.2931e+04 2.5298e+04 2.3051e+04 2.4646e+04 2.7444e+04 2.1057e+04 2.4783e+04 2.0095e+04 2.8345e+04 2.2603e+04
22.5500 2.3331e+04 1.9478e+04 2.8004e+04 1.9666e+04 2.7716e+04 2.2436e+04 2.4746e+04 2.2549e+04 2.4112e+04 2.6843e+04 2.0601e+04 2.4238e+04 1.9666e+04 2.7716e+04 2.2121e+04
22.6500 2.2826e+04 1.9064e+04 2.7385e+04 1.9248e+04 2.7103e+04 2.1954e+04 2.4208e+04 2.2061e+04 2.3592e+04 2.6258e+04 2.0156e+04 2.3708e+04 1.9248e+04 2.7103e+04 2.1652e+04
22.7500 2.2335e+04 1.8660e+04 2.6783e+04 1.8840e+04 2.6506e+04 2.1483e+04 2.3684e+04 2.1584e+04 2.3084e+04 2.5687e+04 1.9722e+04 2.3191e+04 1.8840e+04 2.6506e+04 2.1194e+04
22.8500 2.1855e+04 1.8266e+04 2.6196e+04 1.8442e+04 2.5925e+04 2.1025e+04 2.3173e+04 2.1120e+04 2.2590e+04 2.5131e+04 1.9300e+04 2.2688e+04 1.8442e+04 2.5925e+04 2.0747e+04
22.9500 2.1388e+04 1.7882e+04 2.5624e+04 1.8054e+04 2.5359e+04 2.0578e+04 2.2675e+04 2.0668e+04 2.2108e+04 2.4589e+04 1.8887e+04 2.2197e+04 1.8054e+04 2.5359e+04 2.0312e+04
23.0500 2.0932e+04 1.7507e+04 2.5066e+04 1.7675e+04 2.4807e+04 2.0141e+04 2.2189e+04 2.0226e+04 2.1638e+04 2.4061e+04 1.8486e+04 2.1719e+04 1.7675e+04 2.4807e+04 1.9887e+04
23.1500 2.0488e+04 1.7141e+04 2.4523e+04 1.7306e+04 2.4269e+04 1.9716e+04 2.1716e+04 1.9796e+04 2.1179e+04 2.3546e+04 1.8094e+04 2.1253e+04 1.7306e+04 2.4269e+04 1.9472e+04
23.2500 2.0055e+04 1.6785e+04 2.3994e+04 1.6946e+04 2.3745e+04 1.9301e+04 2.1255e+04 1.9377e+04 2.0732e+04 2.3043e+04 1.7712e+04 2.0798e+04 1.6946e+04 2.3745e+04 1.9068e+04
23.3500 1.9632e+04 1.6437e+04 2.3478e+04 1.6594e+04 2.3234e+04 1.8897e+04 2.0805e+04 1.8968e+04 2.0296e+04 2.2554e+04 1.7339e+04 2.0355e+04 1.6594e+04 2.3234e+04 1.8674e+04
23.4500 1.9220e+04 1.6097e+04 2.2975e+04 1.6252e+04 2.2736e+04 1.8502e+04 2.0366e+04 1.8569e+04 1.9871e+04 2.2076e+04 1.6976e+04 1.9923e+04 1.6252e+04 2.2736e+04 1.8289e+04
23.5500 1.8818e+04 1.5766e+04 2.2485e+04 1.5917e+04 2.2251e+04 1.8117e+04 1.9938e+04 1.8180e+04 1.9456e+04 2.1610e+04 1.6621e+04 1.9502e+04 1.5917e+04 2.2251e+04 1.7913e+04
23.6500 1.8426e+04 1.5443e+04 2.2007e+04 1.5591e+04 2.1778e+04 1.7741e+04 1.9520e+04 1.7800e+04 1.9051e+04 2.1156e+04 1.6275e+04 1.9091e+04 1.5591e+04 2.1778e+04 1.7547e+04
23.7500 1.8043e+04 1.5127e+04 2.1541e+04 1.5272e+04 2.1316e+04 1.7375e+04 1.9113e+04 1.7430e+04 1.8656e+04 2.0713e+04 1.5938e+04 1.8691e+04 1.5272e+04 2.1316e+04 1.7189e+04
23.8500 1.7670e+04 1.4819e+04 2.1086e+04 1.4961e+04 2.0866e+04 1.7017e+04 1.8716e+04 1.7068e+04 1.8271e+04 2.0280e+04 1.5608e+04 1.8300e+04 1.4961e+04 2.0866e+04 1.6840e+04
23.9500 1.7306e+04 1.4519e+04 2.0643e+04 1.4658e+04 2.0427e+04 1.6668e+04 1.8328e+04 1.6716e+04 1.7895e+04 1.9859e+04 1.5287e+04 1.7919e+04 1.4658e+04 2.0427e+04 1.6499e+04