Number of finished trials: 15
Best trial:
Value: 0.9963572653562306
Params: 
    max_depth: 5
    learning_rate: 0.03658449849939038
    n_estimators: 529
    min_child_weight: 1
    subsample: 0.8705494607295388
    colsample_bytree: 0.9549791357952511
