Number of finished trials: 15
Best trial:
Value: 0.9684249555433171
Params: 
    max_depth: 3
    learning_rate: 0.07016740019445586
    n_estimators: 1473
    min_child_weight: 1
    subsample: 0.9792181746044918
    colsample_bytree: 0.9795667488528167
    lambda: 6.8915985726682e-05
