Number of finished trials: 15
Best trial:
Value: 0.9467118667057935
Params: 
    max_depth: 3
    learning_rate: 0.033327711183363654
    n_estimators: 731
    min_child_weight: 7
    subsample: 0.817944660632572
    colsample_bytree: 0.9807204121442323
    lambda: 0.00010110932638132686
