Number of finished trials: 15
Best trial:
Value: 0.9677532511503883
Params: 
    max_depth: 3
    learning_rate: 0.08627536029839036
    n_estimators: 1287
    min_child_weight: 6
    subsample: 0.9018099730739566
    colsample_bytree: 0.9170297402324957
    lambda: 0.00035545577363480055
