0.1 0.35065 0.35521
0.3 0.35629 0.35759
0.5 0.35987 0.35898
0.7 0.36416 0.36207
0.9 0.36953 0.36639
1.1 0.37678 0.373
1.3 0.38268 0.37962
1.5 0.38908 0.38721
1.7 0.39624 0.39517
1.9 0.40323 0.4031
2.1 0.40938 0.4099
2.3 0.41526 0.41611
2.5 0.41888 0.41968
2.7 0.42156 0.42196
2.9 0.42182 0.42186
3.1 0.42172 0.42037
3.3 0.41875 0.41646
3.5 0.41442 0.41086
3.7 0.41072 0.40585
3.9 0.40492 0.39908
4.1 0.39878 0.39265
4.3 0.39271 0.38519
4.5 0.38503 0.37724
4.7 0.3789 0.37126
4.9 0.37205 0.36456
5.1 0.36532 0.35714
5.3 0.35936 0.35201
5.5 0.3532 0.34666
5.7 0.3477 0.34083
5.9 0.34042 0.33461
6.1 0.33515 0.32967
6.3 0.33038 0.32366
6.5 0.32472 0.31881
6.7 0.32023 0.31445
6.9 0.31543 0.31093
7.1 0.31069 0.3067
7.3 0.30592 0.30393
7.5 0.30436 0.30166
7.7 0.30176 0.29794
7.9 0.2991 0.29422
8.1 0.29667 0.29165
8.3 0.29375 0.2882
8.5 0.29065 0.28847
8.7 0.28688 0.28735
8.9 0.28757 0.28754
9.1 0.28474 0.2847
9.3 0.28289 0.28183
9.5 0.28096 0.27904
9.7 0.28107 0.27907
9.9 0.27819 0.2744
10.1 0.2749 0.27206
10.3 0.27664 0.27283
10.5 0.27473 0.26997
10.7 0.26829 0.26707
10.9 0.26916 0.27293
11.1 0.26961 0.27342
11.3 0.27179 0.27025
11.5 0.27226 0.27092
11.7 0.26869 0.26661
11.9 0.26962 0.26735
 