0.1 0.2714 0.28296
0.3 0.2766 0.28391
0.5 0.27698 0.27881
0.7 0.28098 0.27562
0.9 0.28079 0.2731
1.1 0.27921 0.27163
1.3 0.27635 0.27038
1.5 0.27206 0.26894
1.7 0.26777 0.26844
1.9 0.26487 0.26746
2.1 0.26425 0.26674
2.3 0.26261 0.26561
2.5 0.26181 0.26563
2.7 0.2615 0.26615
2.9 0.25996 0.26556
3.1 0.26089 0.26639
3.3 0.26041 0.26529
3.5 0.25978 0.26388
3.7 0.26139 0.26452
3.9 0.26087 0.26382
4.1 0.26068 0.26334
4.3 0.26036 0.263
4.5 0.26166 0.26365
4.7 0.26032 0.26256
4.9 0.26194 0.2645
5.1 0.26071 0.26217
5.3 0.26035 0.2622
5.5 0.26024 0.26218
5.7 0.26241 0.26375
5.9 0.2605 0.26174
6.1 0.26065 0.26259
6.3 0.26078 0.26178
6.5 0.26338 0.26407
6.7 0.25959 0.26235
6.9 0.25807 0.25876
7.1 0.25882 0.26005
7.3 0.26005 0.26264
7.5 0.25891 0.2604
7.7 0.26427 0.26603
7.9 0.26071 0.26194
8.1 0.26209 0.26134
8.3 0.2607 0.26144
8.5 0.26061 0.26335
8.7 0.2608 0.26103
8.9 0.26046 0.26154
9.1 0.25654 0.2573
9.3 0.25678 0.25728
9.5 0.2538 0.25497
9.7 0.25956 0.25798
9.9 0.25026 0.25431
10.1 0.25543 0.25739
10.3 0.25523 0.25616
10.5 0.25336 0.25272
10.7 0.25433 0.252
10.9 0.25689 0.26051
11.1 0.25895 0.25933
11.3 0.25783 0.25682
11.5 0.24663 0.24778
11.7 0.25289 0.24846
11.9 0.25809 0.26424