0.1 0.34757 0.35505
0.3 0.35308 0.35626
0.5 0.3563 0.35731
0.7 0.36033 0.35962
0.9 0.36514 0.36336
1.1 0.37196 0.36874
1.3 0.37808 0.37334
1.5 0.38412 0.37947
1.7 0.39347 0.3887
1.9 0.40163 0.39725
2.1 0.41035 0.40675
2.3 0.42002 0.4169
2.5 0.42778 0.42592
2.7 0.43512 0.43428
2.9 0.44075 0.44083
3.1 0.44663 0.44716
3.3 0.44935 0.44999
3.5 0.45 0.44947
3.7 0.45028 0.44784
3.9 0.44753 0.4436
4.1 0.44369 0.43795
4.3 0.43848 0.43154
4.5 0.43077 0.42335
4.7 0.42427 0.41602
4.9 0.41705 0.40654
5.1 0.40879 0.39641
5.3 0.40067 0.38889
5.5 0.39086 0.38041
5.7 0.38243 0.37294
5.9 0.37464 0.36487
6.1 0.369 0.35858
6.3 0.3609 0.35327
6.5 0.35307 0.34465
6.7 0.34621 0.33852
6.9 0.34067 0.33294
7.1 0.33604 0.32914
7.3 0.33166 0.32398
7.5 0.3275 0.31957
7.7 0.321 0.31405
7.9 0.31731 0.31024
8.1 0.31101 0.30817
8.3 0.3088 0.3047
8.5 0.30553 0.30242
8.7 0.30104 0.30026
8.9 0.29828 0.29803
9.1 0.29516 0.29273
9.3 0.29622 0.28906
9.5 0.29351 0.28693
9.7 0.29063 0.28827
9.9 0.28834 0.28474
10.1 0.28854 0.2871
10.3 0.28628 0.28775
10.5 0.28331 0.28083
10.7 0.28493 0.2829
10.9 0.27987 0.28087
11.1 0.28016 0.27715
11.3 0.27723 0.27644
11.5 0.27397 0.27012
11.7 0.27263 0.26682
11.9 0.27325 0.27002
