Number of finished trials: 15
Best trial:
Value: 0.918892527740406
Params: 
    max_depth: 8
    learning_rate: 0.04278709526557358
    n_estimators: 973
    min_child_weight: 8
    subsample: 0.8924654682455353
    colsample_bytree: 0.9545968659034687
