Number of finished trials: 15
Best trial:
Value: 0.9979786567925449
Params: 
    max_depth: 5
    learning_rate: 0.03303644152575457
    n_estimators: 378
    min_child_weight: 8
    subsample: 0.9144604042310214
    colsample_bytree: 0.8537656263115279
